-3.35465
-3.3545
-3.3548
-3.35555
-3.35585
-3.35676
-3.35706
-3.35706
-3.35676
-3.35661
-3.35661
-3.35617
-3.35617
-3.35526
-3.35631
-3.35585
-3.35599
-3.35584
-3.3566
-3.35706
-3.35661
-3.35662
-3.35616
-3.35616
-3.35646
-3.35601
-3.35495
-3.35555
-3.35586
-3.35555
-3.35691
-3.35737
-3.35722
-3.35752
-3.35828
-3.35903
-3.35812
-3.35873
-3.35978
-3.35963
-3.36054
-3.35993
-3.36023
-3.35932
-3.35917
-3.35933
-3.35963
-3.35903
-3.35888
-3.35979
-3.36054
-3.36084
-3.36054
-3.36054
-3.36069
-3.36069
-3.36069
-3.36099
-3.35978
-3.35978
-3.35948
-3.35933
-3.36009
-3.36009
-3.36009
-3.36084
-3.36054
-3.35963
-3.36069
-3.36175
-3.36054
-3.35978
-3.36084
-3.36069
-3.36039
-3.36099
-3.36039
-3.36069
-3.36054
-3.36054
-3.36024
-3.35963
-3.35963
-3.36038
-3.36083
-3.36053
-3.36174
-3.36129
-3.36159
-3.36189
-3.36129
-3.36084
-3.36054
-3.35978
-3.36008
-3.36039
-3.36038
-3.36069
-3.36083
-3.36083
-3.36114
-3.36084
-3.36038
-3.35978
-3.35993
-3.35872
-3.35902
-3.35887
-3.35842
-3.35736
-3.35736
-3.35736
-3.35736
-3.35766
-3.35902
-3.35797
-3.35887
-3.35932
-3.35872
-3.35751
-3.35766
-3.35751
-3.35796
-3.35917
-3.35872
-3.35917
-3.35826
-3.35796
-3.35766
-3.35751
-3.35962
-3.35947
-3.36038
-3.35947
-3.35977
-3.35886
-3.35735
-3.35735
-3.3572
-3.35524
-3.35509
-3.35464
-3.35525
-3.356
-3.3563
-3.35615
-3.35661
-3.35645
-3.35751
-3.35826
-3.35902
-3.35857
-3.35887
-3.35872
-3.35827
-3.35827
-3.35827
-3.35827
-3.35751
-3.35826
-3.35766
-3.35797
-3.35782
-3.35842
-3.35797
-3.35827
-3.35902
-3.35857
-3.35766
-3.35827
-3.35812
-3.35736
-3.35812
-3.35767
-3.35767
-3.35812
-3.35782
-3.35873
-3.35797
-3.35721
-3.35782
-3.35722
-3.35797
-3.35782
-3.35751
-3.35796
-3.35766
-3.35766
-3.35857
-3.35842
-3.35812
-3.35872
-3.35827
-3.35706
-3.35706
-3.35721
-3.35872
-3.35887
-3.35978
-3.35963
-3.36008
-3.36023
-3.36054
-3.36099
-3.36084
-3.36069
-3.36099
-3.36099
-3.36054
-3.35903
-3.35978
-3.36099
-3.36099
-3.36129
-3.36144
-3.36054
-3.36114
-3.36114
-3.36115
-3.3613
-3.36205
-3.36235
-3.36175
-3.36129
-3.36114
-3.36159
-3.36114
-3.36114
-3.36174
-3.36039
-3.36054
-3.36054
-3.36039
-3.36144
-3.3619
-3.3619
-3.36114
-3.36099
-3.36129
-3.36084
-3.36114
-3.36145
-3.36175
-3.36205
-3.36145
-3.36099
-3.36084
-3.36054
-3.36145
-3.3616
-3.3622
-3.36356
-3.36417
-3.36372
-3.36251
-3.3613
-3.36024
-3.36039
-3.35873
-3.35842
-3.35797
-3.35722
-3.35737
-3.35827
-3.35918
-3.35842
-3.35903
-3.35933
-3.35903
-3.35858
-3.35827
-3.35842
-3.35782
-3.35722
-3.35737
-3.35842
-3.35827
-3.35736
-3.35721
-3.35646
-3.35601
-3.35556
-3.35526
-3.35451
-3.35405
-3.35526
-3.35465
-3.35555
-3.35525
-3.3551
-3.35495
-3.3548
-3.35495
-3.3542
-3.3539
-3.35344
-3.35269
-3.35375
-3.35254
-3.35314
-3.35253
-3.35178
-3.35284
-3.35359
-3.35329
-3.35314
-3.35405
-3.3548
-3.3554
-3.35676
-3.35676
-3.35737
-3.35812
-3.35827
-3.35797
-3.35843
-3.35873
-3.35813
-3.35767
-3.35782
-3.35873
-3.35827
-3.35873
-3.35934
-3.35964
-3.35858
-3.35979
-3.35994
-3.36099
-3.36039
-3.36054
-3.36129
-3.36129
-3.36175
-3.36266
-3.36205
-3.3619
-3.36236
-3.36281
-3.36371
-3.36416
-3.36386
-3.36311
-3.36341
-3.36281
-3.36266
-3.36251
-3.3619
-3.36145
-3.36069
-3.36084
-3.36084
-3.36024
-3.35948
-3.35933
-3.36054
-3.36039
-3.35994
-3.35904
-3.35964
-3.36009
-3.35949
-3.35919
-3.35949
-3.35949
-3.35919
-3.35904
-3.35934
-3.36009
-3.35888
-3.35813
-3.35813
-3.35888
-3.35767
-3.35692
-3.35812
-3.35782
-3.35752
-3.35782
-3.35661
-3.35556
-3.35586
-3.35708
-3.35723
-3.35723
-3.35723
-3.35602
-3.35632
-3.35647
-3.35782
-3.35707
-3.35737
-3.35753
-3.35723
-3.35738
-3.35829
-3.35934
-3.3598
-3.361
-3.36145
-3.3613
-3.36191
-3.36221
-3.36222
-3.36161
-3.36282
-3.36327
-3.36221
-3.36175
-3.36175
-3.361
-3.36175
-3.3619
-3.36145
-3.3616
-3.36145
-3.36146
-3.36161
-3.361
-3.361
-3.3604
-3.36009
-3.35858
-3.35873
-3.35888
-3.35888
-3.35843
-3.35903
-3.35918
-3.35888
-3.35828
-3.35798
-3.35873
-3.35934
-3.36039
-3.36054
-3.36024
-3.35933
-3.35903
-3.35888
-3.35873
-3.35979
-3.35964
-3.36039
-3.361
-3.3607
-3.361
-3.36025
-3.35949
-3.35934
-3.35979
-3.35964
-3.35994
-3.36024
-3.3604
-3.36055
-3.36055
-3.35888
-3.35903
-3.35888
-3.35903
-3.36054
-3.36069
-3.3613
-3.36206
-3.36312
-3.36252
-3.36221
-3.36176
-3.36115
-3.361
-3.3619
-3.36175
-3.3607
-3.36146
-3.36085
-3.36055
-3.36176
-3.3607
-3.361
-3.3607
-3.3604
-3.35949
-3.36009
-3.3607
-3.35979
-3.35934
-3.35919
-3.35919
-3.35904
-3.3598
-3.36085
-3.3607
-3.36206
-3.36161
-3.36146
-3.36101
-3.36252
-3.36192
-3.36207
-3.36297
-3.36237
-3.36191
-3.36191
-3.36191
-3.36191
-3.36085
-3.3607
-3.361
-3.3607
-3.3604
-3.36041
-3.36116
-3.36116
-3.36101
-3.3598
-3.36025
-3.36055
-3.3598
-3.35934
-3.3595
-3.35904
-3.35844
-3.3592
-3.35874
-3.35829
-3.35889
-3.35904
-3.35965
-3.35949
-3.35965
-3.35904
-3.35965
-3.36055
-3.35965
-3.3607
-3.36116
-3.36085
-3.36161
-3.36297
-3.36312
-3.36312
-3.36342
-3.36388
-3.36433
-3.36373
-3.36373
-3.36221
-3.36297
-3.36357
-3.36206
-3.36146
-3.36146
-3.36282
-3.36312
-3.36357
-3.36387
-3.36372
-3.36266
-3.36221
-3.36161
-3.36115
-3.36055
-3.3604
-3.36025
-3.35949
-3.36025
-3.3604
-3.36115
-3.36161
-3.36115
-3.36025
-3.35949
-3.35965
-3.35829
-3.35889
-3.35935
-3.36056
-3.3598
-3.35965
-3.35919
-3.35829
-3.35753
-3.35768
-3.35828
-3.35874
-3.35889
-3.35934
-3.35859
-3.35799
-3.35859
-3.35844
-3.35768
-3.35768
-3.35798
-3.35843
-3.35813
-3.35859
-3.35889
-3.35814
-3.35965
-3.35995
-3.36056
-3.36056
-3.36086
-3.36131
-3.36131
-3.36116
-3.36086
-3.3604
-3.36025
-3.36056
-3.36011
-3.3598
-3.36026
-3.36101
-3.36056
-3.36146
-3.36146
-3.36116
-3.36192
-3.36101
-3.35995
-3.3601
-3.36086
-3.36025
-3.36071
-3.36101
-3.35965
-3.35965
-3.3601
-3.35905
-3.3595
-3.35935
-3.36011
-3.36041
-3.36011
-3.36071
-3.3595
-3.35905
-3.3598
-3.35889
-3.35874
-3.35889
-3.35859
-3.35859
-3.35875
-3.35845
-3.35814
-3.35814
-3.35753
-3.35753
-3.35829
-3.35768
-3.35738
-3.35753
-3.35768
-3.35799
-3.35799
-3.3589
-3.35875
-3.35966
-3.36041
-3.3589
-3.36041
-3.36041
-3.36071
-3.3598
-3.3598
-3.3595
-3.35904
-3.3595
-3.35874
-3.35859
-3.35875
-3.35935
-3.35905
-3.35814
-3.35845
-3.3586
-3.3592
-3.3598
-3.36025
-3.361
-3.36085
-3.36086
-3.36086
-3.36237
-3.36373
-3.36313
-3.36298
-3.36298
-3.36176
-3.36237
-3.36116
-3.36086
-3.36071
-3.3598
-3.35965
-3.3595
-3.36056
-3.3604
-3.36025
-3.35965
-3.36025
-3.3601
-3.361
-3.3607
-3.3607
-3.3607
-3.3607
-3.36071
-3.36055
-3.36101
-3.36131
-3.36101
-3.36101
-3.36071
-3.36086
-3.36085
-3.3613
-3.36024
-3.35934
-3.35919
-3.35889
-3.35904
-3.35905
-3.35965
-3.35935
-3.35904
-3.35904
-3.35919
-3.35889
-3.35919
-3.35919
-3.35904
-3.3592
-3.3595
-3.3604
-3.36025
-3.35979
-3.35919
-3.35919
-3.35994
-3.35979
-3.361
-3.361
-3.36101
-3.35904
-3.35874
-3.35935
-3.3598
-3.36025
-3.3604
-3.3604
-3.35979
-3.35949
-3.35995
-3.3592
-3.35905
-3.3595
-3.35904
-3.35829
-3.35904
-3.35874
-3.35964
-3.35843
-3.35783
-3.35783
-3.35828
-3.35874
-3.36025
-3.3604
-3.36056
-3.35996
-3.35981
-3.35981
-3.36056
-3.36041
-3.3604
-3.36131
-3.36085
-3.36146
-3.36206
-3.36222
-3.36055
-3.36025
-3.3604
-3.3601
-3.3592
-3.35814
-3.35889
-3.35859
-3.35859
-3.35859
-3.35769
-3.35739
-3.35678
-3.35708
-3.35663
-3.35587
-3.35572
-3.35647
-3.35693
-3.35738
-3.35678
-3.35769
-3.35784
-3.35799
-3.35784
-3.35678
-3.35572
-3.35527
-3.35422
-3.35467
-3.35482
-3.35421
-3.35406
-3.35376
-3.35406
-3.35466
-3.35527
-3.35406
-3.35376
-3.35376
-3.3533
-3.35315
-3.35421
-3.353
-3.3536
-3.35285
-3.35376
-3.35452
-3.35467
-3.35436
-3.35512
-3.35572
-3.35557
-3.35572
-3.35587
-3.35572
-3.35618
-3.35693
-3.35709
-3.35633
-3.35633
-3.35632
-3.35678
-3.35678
-3.35632
-3.35542
-3.35572
-3.35557
-3.35436
-3.35315
-3.35346
-3.35361
-3.35451
-3.35466
-3.35572
-3.35572
-3.35617
-3.35647
-3.35692
-3.35737
-3.35738
-3.35723
-3.35784
-3.35859
-3.35784
-3.35709
-3.35754
-3.35829
-3.35874
-3.35889
-3.35828
-3.35889
-3.35843
-3.35768
-3.35723
-3.35708
-3.35648
-3.35814
-3.35799
-3.35829
-3.35995
-3.36024
-3.36024
-3.36055
-3.36009
-3.36055
-3.36086
-3.36222
-3.36192
-3.36132
-3.36116
-3.36192
-3.36207
-3.36131
-3.3601
-3.36024
-3.36009
-3.35904
-3.35919
-3.35965
-3.35935
-3.3592
-3.35753
-3.35677
-3.35646
-3.35692
-3.35722
-3.35768
-3.35829
-3.3589
-3.3586
-3.3595
-3.35935
-3.3598
-3.35904
-3.35918
-3.35964
-3.35934
-3.3595
-3.36086
-3.36116
-3.36176
-3.36146
-3.36145
-3.3604
-3.35994
-3.35919
-3.35934
-3.35904
-3.35934
-3.3598
-3.3598
-3.3607
-3.36146
-3.3607
-3.3604
-3.36025
-3.35979
-3.36025
-3.3598
-3.3598
-3.35859
-3.35844
-3.35874
-3.35798
-3.35767
-3.35677
-3.35616
-3.35602
-3.35632
-3.35738
-3.35753
-3.35753
-3.35708
-3.35632
-3.35693
-3.35647
-3.35708
-3.35738
-3.35617
-3.35602
-3.35542
-3.35587
-3.35723
-3.35859
-3.35889
-3.35874
-3.35904
-3.35874
-3.35964
-3.36024
-3.36115
-3.36206
-3.36131
-3.3598
-3.36025
-3.35874
-3.35904
-3.35904
-3.35964
-3.35964
-3.35979
-3.3604
-3.3601
-3.3601
-3.36131
-3.36055
-3.3607
-3.36176
-3.36085
-3.36176
-3.36146
-3.36086
-3.3604
-3.3598
-3.35965
-3.26577
-3.26652
-3.26652
-3.26652
-3.26667
-3.26621
-3.26727
-3.26787
-3.26817
-3.26772
-3.26803
-3.26818
-3.26773
-3.26698
-3.26788
-3.26788
-3.26742
-3.26773
-3.26742
-3.26712
-3.26712
-3.26742
-3.26802
-3.26666
-3.26651
-3.26727
-3.26818
-3.26818
-3.26863
-3.26818
-3.26848
-3.26863
-3.26802
-3.26893
-3.26938
-3.27029
-3.26848
-3.26803
-3.26879
-3.26969
-3.26969
-3.26954
-3.26954
-3.26863
-3.26878
-3.26878
-3.26802
-3.26757
-3.26696
-3.26772
-3.26727
-3.26727
-3.26606
-3.26666
-3.26697
-3.26727
-3.26803
-3.26818
-3.26773
-3.26818
-3.26818
-3.26833
-3.26848
-3.26939
-3.26954
-3.26879
-3.26818
-3.26803
-3.26863
-3.26878
-3.26757
-3.26742
-3.26606
-3.26682
-3.26606
-3.26697
-3.26727
-3.26697
-3.26637
-3.26652
-3.26682
-3.26607
-3.26546
-3.26456
-3.26531
-3.26486
-3.26471
-3.2638
-3.26334
-3.26501
-3.26471
-3.26471
-3.2641
-3.2635
-3.26305
-3.26274
-3.2629
-3.2629
-3.26154
-3.26214
-3.26123
-3.26184
-3.2632
-3.2641
-3.2635
-3.2632
-3.26289
-3.26395
-3.2647
-3.2647
-3.26486
-3.26471
-3.26426
-3.26426
-3.26486
-3.26592
-3.26502
-3.26457
-3.26457
-3.26472
-3.26546
-3.26501
-3.26531
-3.26516
-3.26517
-3.26562
-3.26562
-3.26592
-3.26652
-3.26818
-3.26728
-3.26773
-3.26698
-3.26803
-3.26743
-3.26788
-3.26773
-3.26788
-3.26773
-3.26712
-3.26728
-3.26743
-3.26652
-3.26637
-3.26683
-3.26652
-3.26607
-3.26622
-3.26713
-3.26728
-3.26758
-3.26773
-3.26773
-3.26773
-3.26863
-3.26788
-3.26727
-3.26742
-3.26757
-3.26833
-3.26863
-3.26789
-3.26789
-3.2688
-3.26819
-3.26713
-3.26682
-3.26803
-3.26727
-3.26697
-3.26607
-3.26455
-3.26561
-3.26607
-3.26622
-3.26622
-3.26667
-3.26577
-3.26592
-3.26501
-3.26471
-3.2647
-3.26455
-3.26485
-3.2647
-3.26576
-3.26576
-3.26455
-3.26516
-3.26471
-3.26304
-3.26334
-3.26213
-3.26259
-3.26259
-3.26274
-3.26214
-3.26229
-3.26259
-3.26184
-3.26139
-3.2626
-3.26184
-3.26123
-3.26108
-3.26122
-3.26198
-3.26167
-3.26168
-3.26183
-3.26244
-3.26244
-3.26274
-3.26244
-3.26319
-3.26243
-3.26304
-3.26243
-3.26334
-3.26274
-3.26183
-3.26123
-3.26169
-3.26184
-3.26199
-3.26138
-3.26078
-3.26108
-3.26093
-3.26063
-3.26063
-3.26032
-3.26017
-3.25926
-3.25835
-3.25881
-3.25806
-3.25761
-3.25625
-3.25579
-3.25594
-3.25579
-3.25639
-3.257
-3.25745
-3.25866
-3.25866
-3.25972
-3.25957
-3.26063
-3.26093
-3.26138
-3.26229
-3.26244
-3.26243
-3.26304
-3.26213
-3.26288
-3.26364
-3.26409
-3.26455
-3.26425
-3.26425
-3.26364
-3.2638
-3.26364
-3.26334
-3.26349
-3.26379
-3.26455
-3.26591
-3.26515
-3.2647
-3.26455
-3.26288
-3.26258
-3.26168
-3.26213
-3.26289
-3.26289
-3.26259
-3.26138
-3.26199
-3.26244
-3.26334
-3.26395
-3.26395
-3.26425
-3.2644
-3.26501
-3.2647
-3.2647
-3.2647
-3.26501
-3.26456
-3.26456
-3.26426
-3.26441
-3.26516
-3.26561
-3.26636
-3.26727
-3.26621
-3.26697
-3.26758
-3.26849
-3.26879
-3.26879
-3.26804
-3.26834
-3.26773
-3.26758
-3.26743
-3.26803
-3.26697
-3.26682
-3.26576
-3.26591
-3.26592
-3.26592
-3.26728
-3.26637
-3.26713
-3.26607
-3.26577
-3.26531
-3.26426
-3.26486
-3.26547
-3.26501
-3.26531
-3.26486
-3.26546
-3.26576
-3.26592
-3.26637
-3.26562
-3.26471
-3.26456
-3.26441
-3.26365
-3.2638
-3.26486
-3.26471
-3.26577
-3.26471
-3.26547
-3.26501
-3.26471
-3.26532
-3.26607
-3.26547
-3.26637
-3.26652
-3.26486
-3.26395
-3.26365
-3.2638
-3.2629
-3.26381
-3.26411
-3.26456
-3.2632
-3.26335
-3.26411
-3.26381
-3.2632
-3.26381
-3.26517
-3.26578
-3.26502
-3.26577
-3.26622
-3.26637
-3.26637
-3.26576
-3.26562
-3.26411
-3.26502
-3.26472
-3.26472
-3.26426
-3.26472
-3.26517
-3.26471
-3.26486
-3.26546
-3.26576
-3.26516
-3.26516
-3.26531
-3.26455
-3.2641
-3.2635
-3.26441
-3.2635
-3.2632
-3.2629
-3.2629
-3.2632
-3.26275
-3.26245
-3.26214
-3.26305
-3.2632
-3.2635
-3.2635
-3.26455
-3.26456
-3.2638
-3.2635
-3.2632
-3.26275
-3.26275
-3.2617
-3.26185
-3.2626
-3.2629
-3.26411
-3.26214
-3.26169
-3.26169
-3.26259
-3.26183
-3.26198
-3.26304
-3.26244
-3.26229
-3.26259
-3.26199
-3.26154
-3.2623
-3.2623
-3.26245
-3.26336
-3.26154
-3.26199
-3.26154
-3.26139
-3.26124
-3.26139
-3.26033
-3.26124
-3.26214
-3.26169
-3.26108
-3.26169
-3.26184
-3.26184
-3.26229
-3.2623
-3.26275
-3.262
-3.2629
-3.26335
-3.26456
-3.26592
-3.26653
-3.26698
-3.26563
-3.26532
-3.26593
-3.26577
-3.26471
-3.26486
-3.2647
-3.26334
-3.2638
-3.26441
-3.26426
-3.26426
-3.26472
-3.26502
-3.26397
-3.26291
-3.26411
-3.26411
-3.26396
-3.26365
-3.26396
-3.26532
-3.26532
-3.26442
-3.26427
-3.26321
-3.26261
-3.26351
-3.2638
-3.26365
-3.26275
-3.26351
-3.26366
-3.26366
-3.26412
-3.26427
-3.26381
-3.26366
-3.26456
-3.26426
-3.26532
-3.26457
-3.26396
-3.26321
-3.26442
-3.26457
-3.26396
-3.26381
-3.26366
-3.26426
-3.26426
-3.26396
-3.26365
-3.2626
-3.2623
-3.26351
-3.26397
-3.26457
-3.26517
-3.26638
-3.26623
-3.26759
-3.26698
-3.26728
-3.26713
-3.26653
-3.26638
-3.26608
-3.26698
-3.26638
-3.26759
-3.26804
-3.26804
-3.26834
-3.26759
-3.26728
-3.26728
-3.26698
-3.26638
-3.26683
-3.26698
-3.26698
-3.26758
-3.26728
-3.26774
-3.26774
-3.26774
-3.26805
-3.2682
-3.26805
-3.26804
-3.26774
-3.26804
-3.26713
-3.26758
-3.26788
-3.26698
-3.26578
-3.26563
-3.26533
-3.26533
-3.26578
-3.26502
-3.26442
-3.26426
-3.2632
-3.26275
-3.26199
-3.26351
-3.26517
-3.26502
-3.26517
-3.26563
-3.26638
-3.26638
-3.26729
-3.26744
-3.26729
-3.26774
-3.26744
-3.26895
-3.26789
-3.26804
-3.26789
-3.26683
-3.26668
-3.26623
-3.26653
-3.26562
-3.26759
-3.26729
-3.26638
-3.26547
-3.26442
-3.26487
-3.26457
-3.26412
-3.26488
-3.26473
-3.26443
-3.26427
-3.26337
-3.26397
-3.26488
-3.26352
-3.26367
-3.26321
-3.26291
-3.26275
-3.26245
-3.262
-3.26139
-3.26109
-3.26124
-3.262
-3.26125
-3.26231
-3.26156
-3.2611
-3.26156
-3.26185
-3.26261
-3.26245
-3.26185
-3.26124
-3.2617
-3.26185
-3.26321
-3.26321
-3.26306
-3.26246
-3.26337
-3.26321
-3.26382
-3.26215
-3.26245
-3.2614
-3.26185
-3.26276
-3.26366
-3.26442
-3.26518
-3.26563
-3.26594
-3.26669
-3.26654
-3.26639
-3.26684
-3.26639
-3.26593
-3.26668
-3.26638
-3.26683
-3.26608
-3.26653
-3.26729
-3.26714
-3.267
-3.26579
-3.26579
-3.26458
-3.26488
-3.26488
-3.26518
-3.26548
-3.26623
-3.26563
-3.26533
-3.26502
-3.26457
-3.26427
-3.26457
-3.26443
-3.26518
-3.26428
-3.26413
-3.26322
-3.26291
-3.26321
-3.26381
-3.26367
-3.26458
-3.26504
-3.26579
-3.26533
-3.26578
-3.26518
-3.26412
-3.26488
-3.26443
-3.26503
-3.26488
-3.26548
-3.26654
-3.26548
-3.26518
-3.26472
-3.26397
-3.26261
-3.2623
-3.26185
-3.2617
-3.2605
-3.26065
-3.26125
-3.26171
-3.26216
-3.26337
-3.26337
-3.26291
-3.26216
-3.2614
-3.2617
-3.2617
-3.2617
-3.26185
-3.26125
-3.26095
-3.26126
-3.26126
-3.26276
-3.26337
-3.26261
-3.26231
-3.262
-3.26216
-3.26261
-3.26261
-3.26124
-3.26094
-3.262
-3.262
-3.26065
-3.25989
-3.26035
-3.2605
-3.26019
-3.25929
-3.25944
-3.25883
-3.26004
-3.26049
-3.26019
-3.26155
-3.26185
-3.26245
-3.26215
-3.26155
-3.26019
-3.26019
-3.25974
-3.25898
-3.25868
-3.25913
-3.25928
-3.25852
-3.25913
-3.25913
-3.25898
-3.25928
-3.25928
-3.25943
-3.25989
-3.25928
-3.25853
-3.25883
-3.25914
-3.25838
-3.25793
-3.25838
-3.25778
-3.25747
-3.25898
-3.25958
-3.26049
-3.26004
-3.26004
-3.26064
-3.2614
-3.26125
-3.262
-3.2611
-3.26064
-3.26094
-3.26094
-3.26079
-3.26155
-3.262
-3.2617
-3.26261
-3.26261
-3.26382
-3.26412
-3.26427
-3.26442
-3.26442
-3.26442
-3.26441
-3.2629
-3.26185
-3.26049
-3.26186
-3.26201
-3.26246
-3.26171
-3.26095
-3.26034
-3.25959
-3.2608
-3.26125
-3.25989
-3.2605
-3.2605
-3.26035
-3.2602
-3.26035
-3.2596
-3.25899
-3.25884
-3.26005
-3.25899
-3.25914
-3.25914
-3.26019
-3.26125
-3.26049
-3.2608
-3.26095
-3.26125
-3.2602
-3.26035
-3.26035
-3.26065
-3.2611
-3.2605
-3.26111
-3.26095
-3.26156
-3.26231
-3.26216
-3.26231
-3.26246
-3.26321
-3.26321
-3.26216
-3.26231
-3.26323
-3.26277
-3.26187
-3.26156
-3.26231
-3.26292
-3.26292
-3.26247
-3.26277
-3.26322
-3.26216
-3.26231
-3.26291
-3.2626
-3.2623
-3.26321
-3.26186
-3.26246
-3.26307
-3.26368
-3.26398
-3.26428
-3.26488
-3.26549
-3.26488
-3.26503
-3.26563
-3.26533
-3.26578
-3.26608
-3.26503
-3.26457
-3.26488
-3.26533
-3.26609
-3.26669
-3.26639
-3.26593
-3.26699
-3.26835
-3.26896
-3.26881
-3.26941
-3.26836
-3.26866
-3.26745
-3.26684
-3.26624
-3.26609
-3.26593
-3.26518
-3.26458
-3.26367
-3.26321
-3.26321
-3.26336
-3.26473
-3.26397
-3.26473
-3.26427
-3.26397
-3.26502
-3.26472
-3.26457
-3.26351
-3.26352
-3.26367
-3.26473
-3.26548
-3.26594
-3.26564
-3.26519
-3.26549
-3.26549
-3.26579
-3.26548
-3.26533
-3.26457
-3.26442
-3.26442
-3.26548
-3.26669
-3.2676
-3.2685
-3.26775
-3.26805
-3.26835
-3.26941
-3.2682
-3.26805
-3.2679
-3.26835
-3.2688
-3.26835
-3.26896
-3.26896
-3.26896
-3.2679
-3.26744
-3.26774
-3.26714
-3.26668
-3.26683
-3.26699
-3.26669
-3.26669
-3.26623
-3.26518
-3.26457
-3.26503
-3.26442
-3.26412
-3.26427
-3.26352
-3.26276
-3.26367
-3.26397
-3.26457
-3.26578
-3.26547
-3.26563
-3.26533
-3.26533
-3.26533
-3.26624
-3.26594
-3.26533
-3.26563
-3.26593
-3.26563
-3.26699
-3.26714
-3.26623
-3.26593
-3.26548
-3.26518
-3.26609
-3.26609
-3.26669
-3.26563
-3.26548
-3.267
-3.26685
-3.26594
-3.26442
-3.26412
-3.26381
-3.26366
-3.26427
-3.26503
-3.26518
-3.26579
-3.26594
-3.26624
-3.26519
-3.26488
-3.24996
-3.24965
-3.24935
-3.24904
-3.24844
-3.24874
-3.24844
-3.24753
-3.24784
-3.24753
-3.24693
-3.24693
-3.24739
-3.24785
-3.24694
-3.24709
-3.24678
-3.24799
-3.24769
-3.24844
-3.24784
-3.24799
-3.24844
-3.24753
-3.24723
-3.24723
-3.24723
-3.24738
-3.24814
-3.24739
-3.24815
-3.24739
-3.24739
-3.24724
-3.24814
-3.24678
-3.24693
-3.24678
-3.24693
-3.24678
-3.24663
-3.24617
-3.24648
-3.24663
-3.24693
-3.24739
-3.24664
-3.24648
-3.24679
-3.24649
-3.24709
-3.24754
-3.24663
-3.24678
-3.24558
-3.24528
-3.24543
-3.24603
-3.24679
-3.24709
-3.24754
-3.2486
-3.2477
-3.24724
-3.248
-3.24739
-3.24724
-3.24648
-3.24528
-3.24588
-3.24558
-3.24588
-3.24618
-3.24558
-3.24558
-3.24543
-3.24709
-3.24724
-3.24784
-3.24724
-3.24754
-3.24724
-3.24709
-3.24709
-3.24754
-3.24784
-3.24814
-3.24875
-3.2489
-3.24875
-3.2486
-3.24936
-3.24875
-3.2483
-3.24754
-3.24693
-3.24829
-3.24739
-3.24678
-3.24724
-3.24815
-3.24725
-3.2474
-3.248
-3.24891
-3.25027
-3.25147
-3.25238
-3.25208
-3.25192
-3.25041
-3.25087
-3.25056
-3.25056
-3.25102
-3.25177
-3.25268
-3.25253
-3.25177
-3.25117
-3.25102
-3.24996
-3.24966
-3.24966
-3.24906
-3.24921
-3.24936
-3.24921
-3.2492
-3.25041
-3.25087
-3.25178
-3.25193
-3.25208
-3.25254
-3.25178
-3.25087
-3.25118
-3.25072
-3.25193
-3.25253
-3.25283
-3.25283
-3.25344
-3.25495
-3.25541
-3.25556
-3.25496
-3.25541
-3.25571
-3.25662
-3.25676
-3.25691
-3.25631
-3.25495
-3.25344
-3.25298
-3.25163
-3.25072
-3.25117
-3.25072
-3.25057
-3.25027
-3.25057
-3.25042
-3.25102
-3.25102
-3.25133
-3.25178
-3.25299
-3.2542
-3.2551
-3.25631
-3.25571
-3.25511
-3.25465
-3.2548
-3.2542
-3.2554
-3.2545
-3.25435
-3.2542
-3.25404
-3.25314
-3.25268
-3.25178
-3.25102
-3.25042
-3.24982
-3.24982
-3.25103
-3.25072
-3.25027
-3.25148
-3.25148
-3.25224
-3.25209
-3.25179
-3.25179
-3.25012
-3.25027
-3.24997
-3.24982
-3.24966
-3.24996
-3.24936
-3.24966
-3.24936
-3.24845
-3.24785
-3.2474
-3.24845
-3.24936
-3.24906
-3.24876
-3.24831
-3.24861
-3.24801
-3.24726
-3.24726
-3.2474
-3.2474
-3.24725
-3.24815
-3.24845
-3.24845
-3.2486
-3.2486
-3.2483
-3.24891
-3.25012
-3.24951
-3.25042
-3.25027
-3.24997
-3.25012
-3.24906
-3.25026
-3.24951
-3.24906
-3.24937
-3.24982
-3.25072
-3.24966
-3.24935
-3.25026
-3.24935
-3.25056
-3.25147
-3.25238
-3.25178
-3.25208
-3.25253
-3.25269
-3.25329
-3.25268
-3.25268
-3.25298
-3.25344
-3.25268
-3.25283
-3.25283
-3.25314
-3.25208
-3.25148
-3.25103
-3.25042
-3.24981
-3.24996
-3.25011
-3.25087
-3.25087
-3.25147
-3.25102
-3.25116
-3.25147
-3.25253
-3.25238
-3.25178
-3.25103
-3.25088
-3.25103
-3.25118
-3.25133
-3.25133
-3.25193
-3.25253
-3.25268
-3.25238
-3.25177
-3.25359
-3.25344
-3.25163
-3.25118
-3.25057
-3.24997
-3.25103
-3.25238
-3.25117
-3.25117
-3.25193
-3.25102
-3.25238
-3.25177
-3.25072
-3.25102
-3.25042
-3.25118
-3.25057
-3.25057
-3.25026
-3.24981
-3.25011
-3.24936
-3.24921
-3.24845
-3.24891
-3.24861
-3.24861
-3.248
-3.24816
-3.24816
-3.24876
-3.24921
-3.24921
-3.24875
-3.24921
-3.25072
-3.24951
-3.25057
-3.25042
-3.25132
-3.25223
-3.25238
-3.25178
-3.25238
-3.25299
-3.25239
-3.25269
-3.25224
-3.25193
-3.25239
-3.25269
-3.25208
-3.25072
-3.25042
-3.24981
-3.25042
-3.25117
-3.25132
-3.25132
-3.25148
-3.25163
-3.25208
-3.25178
-3.25057
-3.25057
-3.24936
-3.24876
-3.2483
-3.2486
-3.248
-3.24861
-3.24891
-3.24845
-3.24861
-3.24906
-3.25012
-3.24967
-3.24952
-3.24922
-3.24876
-3.24952
-3.24967
-3.24982
-3.25042
-3.25162
-3.25147
-3.25223
-3.25269
-3.25314
-3.25269
-3.25193
-3.25208
-3.25163
-3.25253
-3.25404
-3.25494
-3.25495
-3.25495
-3.2542
-3.25435
-3.2539
-3.25405
-3.25526
-3.25481
-3.2548
-3.25389
-3.25585
-3.25661
-3.25661
-3.25646
-3.25585
-3.25601
-3.25677
-3.25782
-3.25722
-3.25646
-3.25706
-3.2557
-3.25434
-3.25465
-3.2545
-3.25465
-3.25435
-3.2536
-3.25299
-3.2536
-3.25345
-3.25299
-3.25314
-3.25375
-3.25435
-3.25435
-3.25404
-3.25268
-3.25238
-3.25177
-3.25253
-3.25238
-3.25269
-3.2533
-3.25254
-3.25239
-3.25224
-3.25179
-3.25163
-3.25193
-3.25133
-3.25193
-3.25178
-3.25177
-3.25192
-3.25238
-3.25223
-3.25239
-3.25315
-3.25239
-3.25299
-3.25405
-3.2533
-3.25239
-3.25239
-3.25299
-3.25269
-3.25314
-3.25314
-3.25239
-3.25224
-3.25118
-3.25163
-3.25133
-3.25163
-3.25299
-3.25314
-3.25389
-3.25389
-3.25404
-3.25329
-3.25209
-3.25194
-3.25164
-3.25209
-3.25134
-3.25104
-3.25058
-3.24997
-3.25148
-3.25103
-3.25027
-3.25102
-3.25163
-3.25193
-3.25193
-3.25148
-3.25072
-3.25148
-3.25224
-3.25178
-3.25254
-3.25269
-3.25285
-3.25315
-3.25345
-3.25375
-3.25344
-3.25298
-3.25268
-3.25283
-3.25238
-3.25103
-3.25012
-3.25088
-3.25149
-3.25103
-3.25103
-3.25148
-3.25208
-3.25102
-3.25101
-3.24995
-3.24935
-3.24966
-3.25027
-3.25072
-3.25073
-3.25058
-3.25027
-3.25027
-3.25072
-3.25042
-3.25102
-3.25086
-3.25041
-3.25056
-3.25026
-3.25102
-3.25072
-3.25087
-3.25102
-3.25163
-3.25072
-3.25057
-3.25072
-3.25057
-3.24981
-3.24936
-3.24936
-3.25041
-3.25026
-3.25041
-3.24966
-3.24921
-3.24891
-3.24815
-3.24785
-3.24846
-3.2471
-3.24815
-3.24936
-3.25012
-3.24951
-3.25057
-3.25072
-3.25042
-3.25057
-3.25193
-3.25072
-3.25087
-3.25117
-3.25012
-3.25087
-3.25117
-3.25027
-3.24951
-3.25012
-3.25072
-3.25088
-3.25057
-3.25103
-3.25072
-3.25103
-3.25012
-3.24936
-3.24997
-3.25027
-3.25102
-3.24981
-3.24966
-3.24921
-3.24906
-3.2477
-3.2474
-3.24741
-3.24756
-3.24862
-3.24922
-3.24877
-3.24892
-3.24997
-3.25057
-3.25012
-3.25057
-3.25027
-3.24951
-3.24997
-3.25042
-3.25027
-3.25118
-3.25012
-3.25118
-3.25072
-3.25148
-3.25132
-3.25163
-3.25208
-3.25223
-3.25269
-3.25314
-3.2533
-3.25299
-3.25209
-3.25178
-3.25283
-3.25238
-3.25192
-3.25102
-3.25178
-3.25224
-3.25163
-3.25179
-3.25254
-3.2533
-3.25314
-3.25358
-3.25221
-3.25146
-3.25057
-3.25103
-3.25163
-3.25118
-3.25102
-3.25117
-3.25178
-3.25087
-3.24981
-3.25057
-3.25057
-3.25072
-3.25102
-3.24996
-3.24935
-3.2492
-3.2483
-3.24845
-3.2483
-3.24634
-3.24589
-3.24574
-3.24635
-3.24665
-3.24544
-3.24498
-3.24513
-3.24468
-3.24483
-3.24559
-3.24483
-3.24558
-3.24528
-3.24468
-3.24513
-3.24483
-3.24543
-3.24574
-3.24528
-3.24574
-3.24484
-3.24514
-3.24544
-3.24544
-3.24529
-3.24528
-3.24604
-3.24649
-3.24604
-3.24589
-3.24604
-3.24574
-3.24619
-3.24649
-3.24634
-3.2465
-3.24665
-3.24725
-3.24725
-3.24846
-3.24815
-3.24846
-3.24951
-3.24966
-3.25012
-3.25012
-3.25057
-3.25072
-3.25072
-3.25087
-3.24981
-3.25042
-3.24982
-3.24997
-3.25057
-3.24967
-3.25118
-3.25269
-3.25269
-3.25238
-3.25268
-3.25208
-3.25283
-3.25163
-3.25103
-3.25042
-3.24997
-3.25028
-3.24997
-3.24997
-3.25027
-3.248
-3.24801
-3.24816
-3.2477
-3.24725
-3.24801
-3.24861
-3.24906
-3.24907
-3.24907
-3.24861
-3.24891
-3.24876
-3.24921
-3.24966
-3.24966
-3.25042
-3.25073
-3.25073
-3.25148
-3.25194
-3.25103
-3.24997
-3.24982
-3.24967
-3.24921
-3.24861
-3.2483
-3.24755
-3.2474
-3.24635
-3.2462
-3.24695
-3.24619
-3.2471
-3.2474
-3.24695
-3.24695
-3.24816
-3.24741
-3.24756
-3.24771
-3.24861
-3.24921
-3.25012
-3.24997
-3.24997
-3.24982
-3.24816
-3.24861
-3.24876
-3.24906
-3.24907
-3.24922
-3.24877
-3.24937
-3.24907
-3.24967
-3.24907
-3.25027
-3.24952
-3.24936
-3.24936
-3.24982
-3.25042
-3.25073
-3.24937
-3.24892
-3.24953
-3.24922
-3.24983
-3.25058
-3.25088
-3.24982
-3.24967
-3.24937
-3.24921
-3.24982
-3.24997
-3.25042
-3.25027
-3.24997
-3.24907
-3.24922
-3.24982
-3.24907
-3.24937
-3.24861
-3.24861
-3.24756
-3.24831
-3.24816
-3.24892
-3.24816
-3.24831
-3.24922
-3.24967
-3.24937
-3.25012
-3.25088
-3.25178
-3.25192
-3.25223
-3.25404
-3.25405
-3.2539
-3.25376
-3.25376
-3.25452
-3.25482
-3.25436
-3.25421
-3.2539
-3.25496
-3.2536
-3.25375
-3.25284
-3.25208
-3.25239
-3.25224
-3.25148
-3.25179
-3.25179
-3.25194
-3.25209
-3.25118
-3.25118
-3.25163
-3.25057
-3.24982
-3.24906
-3.25027
-3.25118
-3.25164
-3.25028
-3.25028
-3.25028
-3.25043
-3.25027
-3.25088
-3.25148
-3.25254
-3.25193
-3.25224
-3.25269
-3.25224
-3.25224
-3.25284
-3.25315
-3.2536
-3.25284
-3.25088
-3.25178
-3.25072
-3.25042
-3.25058
-3.25073
-3.25042
-3.24997
-3.25012
-3.25087
-3.25042
-3.24967
-3.24846
-3.2468
-3.24756
-3.24862
-3.24862
-3.24817
-3.24696
-3.24696
-3.24605
-3.24635
-3.2471
-3.24816
-3.248
-3.24906
-3.2477
-3.2474
-3.2477
-3.24816
-3.24831
-3.24786
-3.24907
-3.24907
-3.24907
-3.24922
-3.24967
-3.24861
-3.24922
-3.24997
-3.25043
-3.25058
-3.25058
-3.24997
-3.25118
-3.25103
-3.25133
-3.25133
-3.24997
-3.25013
-3.25043
-3.25012
-3.25042
-3.25148
-3.25058
-3.25043
-3.25134
-3.25134
-3.25119
-3.24998
-3.24892
-3.24862
-3.24817
-3.24831
-3.24786
-3.24756
-3.24816
-3.24771
-3.24847
-3.24877
-3.24877
-3.24923
-3.24832
-3.24908
-3.24983
-3.25013
-3.25043
-3.24967
-3.24967
-3.25028
-3.25028
-3.25013
-3.25058
-3.25043
-3.25073
-3.25164
-3.25179
-3.25149
-3.253
-3.25164
-3.25255
-3.25315
-3.2524
-3.25285
-3.25149
-3.25209
-3.2524
-3.2533
-3.2527
-3.253
-3.25225
-3.25179
-3.25073
-3.25073
-3.25073
-3.24937
-3.25073
-3.25103
-3.24983
-3.24937
-3.24846
-3.24907
-3.24891
-3.24952
-3.24922
-3.24998
-3.24937
-3.25013
-3.24907
-3.24967
-3.25028
-3.24983
-3.25074
-3.24998
-3.24983
-3.24982
-3.25028
-3.25103
-3.25209
-3.25058
-3.25073
-3.25073
-3.3485
-3.34835
-3.34956
-3.35077
-3.35062
-3.35002
-3.34926
-3.34941
-3.34911
-3.34881
-3.34806
-3.34821
-3.34851
-3.34881
-3.34836
-3.34881
-3.34956
-3.34956
-3.34881
-3.34972
-3.35108
-3.35198
-3.35198
-3.35153
-3.35047
-3.35017
-3.35017
-3.34942
-3.35077
-3.35017
-3.35002
-3.34896
-3.34714
-3.34699
-3.34624
-3.34685
-3.34731
-3.34655
-3.34715
-3.3467
-3.3473
-3.3473
-3.34669
-3.34775
-3.34715
-3.34806
-3.34851
-3.34957
-3.35017
-3.35168
-3.35183
-3.35228
-3.35183
-3.35198
-3.35047
-3.35047
-3.34987
-3.35062
-3.35168
-3.35107
-3.35002
-3.35032
-3.34942
-3.34896
-3.34851
-3.34881
-3.34851
-3.34911
-3.34971
-3.35002
-3.35077
-3.35032
-3.34926
-3.3482
-3.34881
-3.34896
-3.34926
-3.34866
-3.3482
-3.34835
-3.34911
-3.34911
-3.34866
-3.34926
-3.35032
-3.35138
-3.35108
-3.35138
-3.35123
-3.35198
-3.35108
-3.35002
-3.35033
-3.35063
-3.35184
-3.35259
-3.35304
-3.35334
-3.35303
-3.35243
-3.35258
-3.35304
-3.35123
-3.35305
-3.35259
-3.35214
-3.35184
-3.35259
-3.35289
-3.35183
-3.35108
-3.35047
-3.34971
-3.34987
-3.34987
-3.34957
-3.34972
-3.34927
-3.34973
-3.35018
-3.35078
-3.35078
-3.35047
-3.34942
-3.34896
-3.34821
-3.34836
-3.34806
-3.3476
-3.34821
-3.34866
-3.34926
-3.34941
-3.34911
-3.34926
-3.34972
-3.34987
-3.35017
-3.34942
-3.35078
-3.35198
-3.35168
-3.35259
-3.35289
-3.35229
-3.35078
-3.34957
-3.35047
-3.35032
-3.34957
-3.34926
-3.34942
-3.34972
-3.35032
-3.34972
-3.34897
-3.34881
-3.34912
-3.34912
-3.34927
-3.34927
-3.34851
-3.34896
-3.34836
-3.3476
-3.34821
-3.34881
-3.34866
-3.34957
-3.34912
-3.34912
-3.34866
-3.34791
-3.34926
-3.35002
-3.35092
-3.35002
-3.35032
-3.35077
-3.35077
-3.34957
-3.35017
-3.35032
-3.35017
-3.34972
-3.34972
-3.34941
-3.34956
-3.34926
-3.34971
-3.35017
-3.35047
-3.35002
-3.35017
-3.35108
-3.35032
-3.34987
-3.35093
-3.35047
-3.35108
-3.35198
-3.35213
-3.35228
-3.35168
-3.35259
-3.35213
-3.35198
-3.35259
-3.35244
-3.35199
-3.35138
-3.35108
-3.35032
-3.34987
-3.35032
-3.35123
-3.35122
-3.35168
-3.35198
-3.35123
-3.35138
-3.35093
-3.34987
-3.35033
-3.35123
-3.35047
-3.35061
-3.35016
-3.35122
-3.35032
-3.34956
-3.35047
-3.35047
-3.35047
-3.35123
-3.35077
-3.34942
-3.34896
-3.34911
-3.34926
-3.34987
-3.34911
-3.34896
-3.34896
-3.34896
-3.34896
-3.34941
-3.34956
-3.34805
-3.34805
-3.34851
-3.34896
-3.34866
-3.34851
-3.34805
-3.34835
-3.3488
-3.34896
-3.34835
-3.34851
-3.34957
-3.34927
-3.34775
-3.34851
-3.34836
-3.34745
-3.3476
-3.34715
-3.34639
-3.34624
-3.34669
-3.34654
-3.34669
-3.34564
-3.34775
-3.34881
-3.3485
-3.3479
-3.3476
-3.34745
-3.34836
-3.34821
-3.34745
-3.347
-3.34715
-3.34655
-3.34715
-3.34775
-3.34851
-3.34896
-3.34835
-3.34836
-3.34806
-3.34852
-3.34912
-3.34912
-3.34851
-3.34896
-3.34881
-3.34835
-3.34896
-3.34987
-3.35017
-3.35063
-3.34972
-3.34881
-3.34987
-3.35122
-3.35122
-3.35152
-3.35107
-3.35183
-3.35244
-3.35123
-3.35078
-3.35017
-3.34987
-3.35017
-3.35093
-3.34957
-3.34957
-3.35047
-3.34986
-3.34986
-3.34926
-3.34956
-3.34926
-3.34972
-3.34972
-3.35017
-3.34957
-3.35017
-3.35048
-3.35048
-3.34987
-3.35032
-3.35017
-3.34942
-3.35017
-3.35002
-3.34957
-3.34896
-3.34821
-3.34821
-3.34776
-3.34791
