-5.00829
-5.00831
-5.00438
-4.99768
-4.98923
-4.98253
-4.97925
-4.98225
-4.99225
-5.00752
-5.02296
-5.03152
-5.02873
-5.01111
-4.98423
-4.9526
-4.92996
-4.92607
-4.94605
-4.98362
-5.02789
-5.07055
-5.10487
-5.12987
-5.14605
-5.15414
-5.15641
-5.15713
-5.15601
-5.15381
-5.15306
-5.15075
-5.14619
-5.13941
-5.12973
-5.11665
-5.09899
-5.08048
-5.06046
-5.03765
-5.01515
-4.99244
-4.97523
-4.96506
-4.96614
-4.97773
-4.99684
-5.01811
-5.03846
-5.05494
-5.06444
-5.06668
-5.06325
-5.05782
-5.05299
-5.05033
-5.05057
-5.05354
-5.05626
-5.06002
-5.06174
-5.06048
-5.05582
-5.0454
-5.03006
-5.01161
-4.99033
-4.96921
-4.95316
-4.94162
-4.93271
-4.92869
-4.93008
-4.93293
-4.9374
-4.9439
-4.94993
-4.95717
-4.96344
-4.96815
-4.96993
-4.96897
-4.96769
-4.96845
-4.97199
-4.97864
-4.99049
-5.00379
-5.0203
-5.03831
-5.0553
-5.06988
-5.07947
-5.08167
-5.07784
-5.06823
-5.05464
-5.03979
-5.02506
-5.01173
-5.00075
-4.99109
-4.983
-4.9769
-4.97485
-4.97585
-4.98282
-4.99238
-5.00231
-5.01016
-5.01645
-5.01996
-5.02095
-5.01961
-5.01596
-5.00551
-4.99233
-4.97549
-4.95765
-4.9429
-4.93547
-4.93373
-4.93704
-4.94356
-4.94922
-4.95551
-4.95963
-4.96332
-4.9657
-4.96633
-4.96645
-4.96063
-4.9519
-4.93816
-4.92457
-4.91196
-4.90443
-4.90657
-4.91727
-4.93343
-4.95604
-4.97984
-5.00325
-5.02309
-5.03739
-5.04573
-5.04972
-5.04952
-5.04878
-5.04769
-5.04741
-5.04617
-5.04409
-5.03775
-5.02575
-5.00881
-4.98829
-4.96728
-4.94828
-4.93563
-4.92633
-4.92067
-4.915
-4.90933
-4.90211
-4.89615
-4.89185
-4.88765
-4.88436
-4.88469
-4.88787
-4.89505
-4.90783
-4.92099
-4.93259
-4.93917
-4.93759
-4.92988
-4.9146
-4.89493
-4.87285
-4.84572
-4.81665
-4.78586
-4.75894
-4.74295
-4.74131
-4.75619
-4.78531
-4.82156
-4.86059
-4.89921
-4.93258
-4.95933
-4.98083
-4.99642
-5.00863
-5.01676
-5.02505
-5.03313
-5.04291
-5.05252
-5.06081
-5.06616
-5.06668
-5.0625
-5.05401
-5.04049
-5.02178
-4.99747
-4.9717
-4.94469
-4.91819
-4.89794
-4.88695
-4.88514
-4.89265
-4.90283
-4.91172
-4.91636
-4.91615
-4.91092
-4.90262
-4.89544
-4.89246
-4.89603
-4.90542
-4.92147
-4.9429
-4.96508
-4.98919
-5.01122
-5.02935
-5.04424
-5.05484
-5.06299
-5.07
-5.07795
-5.08651
-5.09382
-5.10044
-5.10447
-5.10488
-5.1011
-5.09251
-5.08131
-5.06927
-5.05752
-5.0485
-5.04054
-5.03418
-5.02813
-5.01899
-5.00506
-4.9866
-4.96587
-4.94561
-4.9296
-4.91658
-4.90985
-4.90678
-4.90598
-4.90805
-4.91301
-4.92051
-4.92893
-4.94068
-4.95285
-4.96356
-4.97178
-4.97672
-4.97806
-4.97426
-4.96594
-4.9545
-4.9423
-4.93089
-4.92462
-4.92725
-4.93686
-4.95106
-4.9647
-4.97284
-4.97089
-4.95809
-4.93772
-4.91142
-4.8892
-4.87405
-4.87015
-4.877
-4.89196
-4.91171
-4.93143
-4.94946
-4.96322
-4.97177
-4.9775
-4.97724
-4.97616
-4.97207
-4.96639
-4.96097
-4.95343
-4.94277
-4.93022
-4.91711
-4.90334
-4.89071
-4.88225
-4.87763
-4.87981
-4.88851
-4.90242
-4.92059
-4.9425
-4.96512
-4.98578
-5.00452
-5.02207
-5.03959
-5.05548
-5.0711
-5.08338
-5.08916
-5.08561
-5.0763
-5.05959
-5.04043
-5.01983
-5.00352
-4.99369
-4.98986
-4.99236
-4.99883
-5.0042
-5.00765
-5.0078
-5.00427
-4.99924
-4.99416
-4.99056
-4.98937
-4.99151
-4.99383
-4.99655
-4.9985
-4.99907
-4.99943
-5.00032
-5.00447
-5.01219
-5.02388
-5.04012
-5.0611
-5.08663
-5.1125
-5.13791
-5.16065
-5.18116
-5.1976
-5.21008
-5.22073
-5.22894
-5.23145
-5.2263
-5.21353
-5.19464
-5.17148
-5.14329
-5.11381
-5.08443
-5.05633
-5.02823
-5.00421
-4.98772
-4.97721
-4.97583
-4.98485
-5.00127
-5.02421
-5.05098
-5.07658
-5.09486
-5.10371
-5.10225
-5.09033
-5.07356
-5.0544
-5.03864
-5.02639
-5.02202
-5.02286
-5.02567
-5.02845
-5.02959
-5.02791
-5.02338
-5.01957
-5.0186
-5.02441
-5.0388
-5.05523
-5.06538
-5.06344
-5.05127
-5.02907
-5.00015
-4.97059
-4.94383
-4.92173
-4.90886
-4.90424
-4.90727
-4.91708
-4.93006
-4.9444
-4.95903
-4.97302
-4.98792
-5.00227
-5.01596
-5.02611
-5.03445
-5.0391
-5.0408
-5.04112
-5.04366
-5.04802
-5.05363
-5.05851
-5.06065
-5.05893
-5.05184
-5.04131
-5.02821
-5.01515
-5.00331
-4.99435
-4.988
-4.9846
-4.98618
-4.99116
-5.00173
-5.01548
-5.02881
-5.04004
-5.04545
-5.04599
-5.04394
-5.04164
-5.03993
-5.04072
-5.0431
-5.04532
-5.0455
-5.04215
-5.03422
-5.02767
-5.02436
-5.02874
-5.04371
-5.06521
-5.09068
-5.11406
-5.1304
-5.13469
-5.12873
-5.11444
-5.096
-5.07871
-5.06681
-5.05943
-5.05535
-5.05445
-5.05109
-5.04605
-5.04101
-5.0333
-5.02761
-5.02296
-5.02092
-5.02185
-5.02845
-5.03906
-5.05091
-5.0638
-5.07505
-5.08226
-5.08379
-5.08078
-5.07422
-5.06549
-5.0606
-5.05832
-5.0602
-5.06229
-5.06233
-5.05291
-5.03585
-5.0121
-4.98154
-4.94849
-4.91636
-4.88826
-4.86787
-4.85768
-4.86261
-4.88341
-4.91701
-4.95891
-5.00316
-5.04496
-5.07947
-5.10603
-5.12407
-5.13761
-5.14638
-5.15073
-5.15286
-5.15343
-5.15106
-5.14555
-5.13765
-5.12423
-5.10671
-5.08721
-5.06612
-5.04678
-5.03028
-5.01866
-5.00987
-5.00389
-4.99836
-4.99084
-4.98535
-4.97954
-4.97341
-4.96939
-4.96843
-4.97079
-4.97926
-4.99428
-5.01355
-5.03358
-5.05026
-5.06335
-5.07011
-5.07456
-5.07478
-5.06911
-5.06048
-5.04847
-5.03424
-5.01683
-4.9999
-4.9859
-4.97652
-4.97158
-4.97119
-4.97232
-4.97317
-4.97222
-4.96988
-4.96629
-4.96187
-4.95994
-4.95952
-4.96267
-4.96865
-4.97631
-4.98527
-4.9953
-5.00636
-5.01495
-5.02304
-5.02681
-5.02582
-5.01668
-5.00225
-4.98282
-4.96031
-4.93793
-4.91882
-4.90402
-4.89309
-4.88489
-4.87841
-4.8705
-4.86126
-4.85106
-4.83823
-4.82442
-4.81363
-4.80845
-4.81119
-4.82177
-4.84046
-4.86351
-4.88651
-4.90983
-4.92826
-4.94304
-4.95396
-4.96309
-4.97164
-4.98046
-4.99106
-5.00407
-5.01906
-5.03481
-5.04883
-5.05697
-5.05786
-5.05145
-5.03906
-5.023
-5.00977
-4.99859
-4.98851
-4.97803
-4.96262
-4.944
-4.92549
-4.90916
-4.8953
-4.88766
-4.88597
-4.8899
-4.90333
-4.92403
-4.94608
-4.96761
-4.98344
-4.99489
-5.00223
-5.00658
-5.00931
-5.00704
-5.00248
-4.99792
-4.99363
-4.99517
-5.00354
-5.01663
-5.03139
-5.04345
-5.04944
-5.04915
-5.04406
-5.03547
-5.02717
-5.02185
-5.01952
-5.02331
-5.03369
-5.04922
-5.06776
-5.08584
-5.10171
-5.11113
-5.11494
-5.11168
-5.09971
-5.08529
-5.06514
-5.04246
-5.01752
-4.9949
-4.97646
-4.96531
-4.9643
-4.9711
-4.98531
-5.00319
-5.02112
-5.03449
-5.04118
-5.04141
-5.03317
-5.01768
-4.99695
-4.97539
-4.95863
-4.94898
-4.94795
-4.95353
-4.9645
-4.97632
-4.98478
-4.99104
-4.99529
-4.99859
-5.00737
-5.01995
-5.03732
-5.05407
-5.06527
-5.07133
-5.07317
-5.07459
-5.07473
-5.0746
-5.07267
-5.06988
-5.06457
-5.05979
-5.05479
-5.05238
-5.05281
-5.05558
-5.05937
-5.06237
-5.06368
-5.06131
-5.0539
-5.04184
-5.02477
-5.00473
-4.98397
-4.96729
-4.95713
-4.95806
-4.97074
-4.9911
-5.01423
-5.03361
-5.04597
-5.04905
-5.04622
-5.04204
-5.04017
-5.04167
-5.04652
-5.0511
-5.05266
-5.04963
-5.04122
-5.02847
-5.01128
-4.99286
-4.97661
-4.96706
-4.96761
-4.97785
-4.99858
-5.02367
-5.05009
-5.07221
-5.09123
-5.10516
-5.11288
-5.11536
-5.11381
-5.11018
-5.10588
-5.1031
-5.10226
-5.0996
-5.09409
-5.0836
-5.06684
-5.04673
-5.0274
-5.00723
-4.9892
-4.972
-4.96136
-4.96007
-4.96953
-4.9887
-5.0157
-5.04334
-5.06791
-5.08469
-5.09261
-5.09061
-5.07989
-5.06093
-5.03881
-5.0195
-5.00473
-4.9979
-4.99614
-4.9966
-4.99684
-5.00035
-5.00677
-5.01493
-5.02332
-5.03049
-5.03682
-5.03874
-5.03779
-5.03402
-5.02649
-5.01594
-5.00051
-4.98099
-4.95653
-4.92983
-4.90502
-4.8857
-4.8727
-4.86652
-4.86476
-4.86834
-4.87403
-4.88263
-4.89456
-4.90948
-4.92707
-4.94494
-4.95832
-4.9669
-4.96862
-4.96496
-4.95981
-4.95454
-4.95045
-4.94696
-4.94349
-4.93833
-4.9344
-4.93099
-4.92694
-4.92284
-4.92042
-4.91782
-4.9205
-4.92526
-4.93345
-4.94088
-4.94523
-4.94577
-4.94433
-4.94107
-4.93768
-4.93757
-4.94148
-4.94799
-4.95535
-4.9606
-4.96133
-4.95728
-4.95157
-4.94574
-4.94244
-4.94186
-4.94369
-4.94695
-4.95238
-4.95773
-4.96167
-4.96419
-4.96546
-4.96272
-4.9564
-4.94532
-4.93223
-4.91684
-4.90293
-4.8928
-4.89014
-4.89804
-4.91776
-4.94827
-4.98568
-5.02243
-5.04995
-5.06478
-5.06597
-5.0533
-5.02945
-4.9996
-4.96927
-4.94594
-4.93079
-4.92483
-4.92559
-4.92813
-4.92716
-4.92275
-4.9105
-4.89441
-4.87911
-4.86706
-4.86481
-4.87666
-4.90145
-4.93681
-4.97552
-5.01245
-5.0397
-5.05508
-5.05775
-5.0488
-5.02928
-5.00293
-4.97506
-4.95236
-4.93685
-4.92865
-4.92675
-4.92488
-4.91715
-4.90221
-4.87989
-4.85857
-4.84752
-4.85527
-4.88153
-4.91979
-4.96157
-5.00009
-5.0296
-5.04835
-5.05179
-5.04291
-5.0275
-5.0204
-5.02949
-5.04929
-5.06872
-5.07913
-5.07558
-5.06191
-5.04248
-5.02463
-5.01069
-5.0028
-4.99938
-5.00091
-5.00453
-5.00865
-5.0102
-5.00743
-5.00242
-4.9963
-4.99053
-4.98966
-4.99477
-5.00462
-5.01694
-5.02471
-5.0247
-5.01328
-4.99402
-4.97033
-4.94619
-4.92876
-4.92146
-4.92691
-4.94362
-4.96752
-4.99454
-5.0197
-5.04193
-5.06027
-5.07519
-5.08951
-5.10229
-5.11652
-5.13056
-5.14193
-5.15158
-5.15672
-5.15831
-5.15637
-5.15074
-5.14128
-5.12942
-5.11693
-5.10422
-5.09617
-5.09534
-5.10489
-5.12252
-5.14038
-5.1526
-5.15753
-5.14995
-5.13479
-5.11275
-5.08845
-5.06435
-5.04356
-5.02689
-5.01216
-4.99969
-4.99023
-4.98103
-4.97528
-4.97259
-4.96891
-4.96644
-4.96067
-4.95119
-4.93742
-4.92032
-4.91806
-4.89088
-4.85975
-4.82477
-4.79058
-4.76154
-4.74077
-4.73354
-4.74014
-4.76137
-4.79509
-4.83824
-4.88323
-4.92267
-4.95186
-4.97129
-4.98038
-4.98343
-4.98482
-4.98419
-4.98159
-4.97697
-4.97114
-4.96582
-4.96036
-4.95878
-4.96049
-4.96365
-4.9659
-4.96777
-4.96811
-4.96981
-4.97366
-4.9804
-4.99256
-5.00717
-5.02317
-5.03491
-5.04412
-5.04875
-5.0465
-5.03563
-5.01678
-4.99091
-4.9588
-4.92581
-4.89518
-4.87068
-4.85618
-4.85188
-4.85812
-4.87056
-4.88928
-4.91152
-4.9395
-4.97009
-5.00191
-5.0332
-5.06064
-5.08256
-5.09951
-5.10981
-5.11427
-5.11314
-5.1073
-5.09498
-5.07564
-5.05045
-5.02091
-4.98981
-4.95914
-4.93097
-4.90971
-4.89375
-4.8861
-4.88217
-4.88385
-4.88751
-4.89192
-4.89659
-4.90236
-4.90874
-4.91466
-4.92123
-4.92768
-4.93579
-4.94303
-4.95202
-4.96335
-4.97951
-5.00221
-5.02604
-5.05128
-5.07521
-5.0969
-5.11517
-5.12888
-5.1374
-5.13951
-5.1338
-5.12395
-5.10732
-5.08812
-5.06686
-5.04349
-5.01807
-4.99388
-4.97287
-4.95936
-4.95443
-4.95848
-4.97016
-4.98435
-4.99622
-5.00426
-5.00957
-5.01394
-5.01487
-5.01205
-5.00224
-4.98438
-4.96319
-4.94585
-4.94218
-4.95038
-4.9633
-4.97422
-4.9798
-4.98155
-4.98102
-4.98015
-4.97601
-4.97271
-4.96755
-4.96328
-4.9566
-4.95138
-4.94807
-4.94986
-4.95767
-4.97132
-4.99047
-5.01199
-5.03233
-5.05127
-5.0672
-5.0777
-5.08268
-5.08258
-5.07764
-5.06661
-5.05017
-5.02742
-4.99839
-4.96503
-4.9322
-4.90284
-4.8847
-4.88343
-4.90085
-4.93643
-4.98391
-5.03437
-5.08069
-5.11606
-5.13472
-5.1384
-5.1321
-5.12174
-5.10813
-5.09584
-5.08406
-5.07201
-5.06172
-5.04866
-5.0318
-5.0105
-4.98546
-4.95583
-4.92551
-4.89389
-4.86425
-4.8385
-4.81895
-4.80883
-4.80858
-4.81891
-4.83476
-4.85239
-4.87206
-4.8899
-4.90655
-4.92695
-4.94914
-4.97671
-5.00637
-5.03611
-5.06164
-5.08134
-5.0924
-5.09231
-5.08177
-5.06201
-5.03017
-4.99067
-4.94818
-4.9091
-4.88119
-4.86805
-4.87091
-4.88384
-4.89905
-4.90938
-4.91377
-4.91305
-4.91252
-4.91331
-4.92098
-4.93422
-4.95549
-4.98019
-5.00692
-5.03305
-5.05618
-5.07248
-5.08078
-5.07989
-5.07085
-5.05514
-5.03202
-5.00232
-4.96725
-4.92795
-4.88874
-4.85491
-4.83356
-4.8287
-4.83495
-4.8481
-4.86205
-4.87616
-4.88965
-4.90205
-4.91519
-4.92935
-4.94559
-4.96572
-4.98765
-5.01186
-5.03285
-5.04935
-5.05654
-5.05429
-5.04409
-5.02787
-5.01017
-4.99519
-4.9828
-4.9768
-4.97562
-4.9789
-4.98646
-4.99624
-5.00712
-5.01578
-5.02172
-5.02303
-5.02022
-5.01492
-5.00814
-5.00133
-4.99543
-4.98833
-4.98325
-4.98135
-4.98208
-4.98889
-4.999
-5.01218
-5.02434
-5.03145
-5.03185
-5.02419
-5.0122
-4.99663
-4.98172
-4.96989
-4.96233
-4.95943
-4.95919
-4.96109
-4.96393
-4.96989
-4.9792
-4.99085
-5.00018
-5.00366
-4.99697
-4.98043
-4.95735
-4.93242
-4.91266
-4.90325
-4.9041
-4.91707
-4.93574
-4.95556
-4.97132
-4.98027
-4.98059
-4.9741
-4.9598
-4.9408
-4.91924
-4.89936
-4.8824
-4.87373
-4.87244
-4.87942
-4.89057
-4.90276
-4.91445
-4.92001
-4.92269
-4.91971
-4.91527
-4.91004
-4.90403
-4.89875
-4.89139
-4.8803
-4.86775
-4.85388
-4.84308
-4.83672
-4.83672
-4.84335
-4.85323
-4.86503
-4.87787
-4.89019
-4.90137
-4.91323
-4.92603
-4.93762
-4.95016
-4.95986
-4.96992
-4.97617
-4.97856
-4.97678
-4.96985
-4.95701
-4.94232
-4.9247
-4.90436
-4.88622
-4.87378
-4.87021
-4.87423
-4.88557
-4.89791
-4.90999
-4.92004
-4.93262
-4.94771
-4.96283
-4.97611
-4.98542
-4.98703
-4.97785
-4.95821
-4.93506
-4.91284
-4.89774
-4.89343
-4.8998
-4.91604
-4.93704
-4.96211
-4.98283
-4.99684
-5.00139
-4.99774
-4.9863
-4.96835
-4.9481
-4.92843
-4.91166
-4.89996
-4.89702
-4.90371
-4.91897
-4.9423
-4.97019
-5.00082
-5.02765
-5.05061
-5.06737
-5.07734
-5.0803
-5.07547
-5.06442
-5.0483
-5.03045
-5.01202
-4.99741
-4.98903
-4.98963
-4.99691
-5.00989
-5.02754
-5.04627
-5.06215
-5.07209
-5.07172
-5.06177
-5.04157
-5.01135
-4.97459
-4.92955
-4.88317
-4.83684
-4.79418
-4.75676
-4.73143
-4.72113
-4.72396
-4.74041
-4.76749
-4.80029
-4.83614
-4.87241
-4.90377
-4.92907
-4.94861
-4.96017
-4.97032
-4.97681
-4.9808
-4.98125
-4.9777
-4.96849
-4.95764
-4.94534
-4.93357
-4.9272
-4.93019
-4.94139
-4.95941
-4.98174
-5.0039
-5.02364
-5.03745
-5.04785
-5.05376
-5.05773
-5.05966
-5.05749
-5.04937
-5.03095
-5.00345
-4.96723
-4.92397
-4.8798
-4.84471
-4.82421
-4.82097
-4.83721
-4.8672
-4.9044
-4.94359
-4.9793
-5.00622
-5.02015
-5.02171
-5.01463
-4.99865
-4.97903
-4.95994
-4.94541
-4.93768
-4.93386
-4.93106
-4.92513
-4.90869
-4.88175
-4.85128
-4.82659
-4.81781
-4.82704
-4.85181
-4.88254
-4.91416
-4.94463
-4.97253
-4.99778
-5.02179
-5.04567
-5.06717
-5.08827
-5.10434
-5.11531
-5.11885
-5.11589
-5.104
-5.08605
-5.06665
-5.0479
-5.03184
-5.01834
-5.01004
-5.01004
-5.01846
-5.03427
-5.05311
-5.0674
-5.07446
-5.07312
-5.06535
-5.05206
-5.03922
-5.02581
-5.01625
-5.00993
-5.007
-5.00784
-5.01076
-5.01575
-5.01868
-5.02161
-5.02099
-5.01666
-5.00982
-5.00064
-4.99271
-4.98754
-4.98477
-4.98366
-4.98519
-4.98934
-4.99886
-5.0165
-5.04019
-5.06773
-5.09223
-5.10897
-5.11507
-5.10922
-5.09238
-5.06746
-5.03748
-5.00778
-4.9817
-4.9663
-4.96161
-4.96403
-4.96941
-4.97437
-4.97497
-4.97109
-4.96367
-4.95232
-4.93988
-4.92858
-4.91981
-4.91821
-4.92487
-4.94196
-4.96507
-4.98933
-5.01449
-5.03893
-5.06172
-5.08118
-5.09845
-5.11128
-5.11946
-5.1232
-5.12056
-5.11399
-5.09987
-5.08363
-5.06591
-5.04817
-5.03373
-5.02216
-5.01474
-5.00945
-5.01048
-5.01335
-5.02099
-5.03537
-5.05673
-5.08493
-5.11346
-5.13754
-5.15387
-5.15785
-5.1502
-5.13281
-5.10675
-5.07584
-5.03969
-4.9964
-4.95096
-4.90384
-4.85972
-4.82312
-4.79755
-4.78519
-4.78643
-4.80061
-4.82551
-4.85776
-4.8905
-4.92162
-4.94245
-4.9518
-4.94975
-4.9377
-4.92102
-4.90401
-4.8918
-4.88722
-4.89094
-4.89927
-4.91067
-4.91979
-4.92582
-4.92729
-4.92582
-4.91944
-4.91157
-4.90175
-4.89733
-4.89773
-4.90716
-4.92419
-4.9467
-4.97199
-4.99696
-5.01762
-5.03046
-5.03316
-5.0227
-4.99999
-4.96761
-4.92817
-4.8884
-4.8555
-4.83116
-4.81813
-4.81331
-4.81742
-4.8277
-4.84046
-4.8534
-4.86196
-4.86549
-4.86
-4.84853
-4.83134
-4.81203
-4.79333
-4.77809
-4.76641
-4.76175
-4.76542
-4.77793
-4.7982
-4.8232
-4.84742
-4.86845
-4.8815
-4.88854
-4.88955
-4.89025
-4.89819
-4.91998
-4.95398
-4.99311
-5.02642
-5.05134
-5.06855
-5.08332
-5.09441
-5.10087
-5.1033
-5.0981
-5.08785
-5.07153
-5.05167
-5.02931
-5.00353
-4.97914
-4.95722
-4.93931
-4.92617
-4.91973
-4.91835
-4.92152
-4.92653
-4.93418
-4.94194
-4.94799
-4.95187
-4.95444
-4.95436
-4.95325
-4.95223
-4.95254
-4.9562
-4.96283
-4.97326
-4.98686
-5.00006
-5.00994
-5.01288
-5.00568
-4.99038
-4.96718
-4.93964
-4.91332
-4.8899
-4.87008
-4.85352
-4.84062
-4.83357
-4.83833
-4.85659
-4.88358
-4.91395
-4.94459
-4.97288
-4.99589
-5.013
-5.02371
-5.02948
-5.02883
-5.02554
-5.01893
-5.01116
-5.00645
-5.00292
-5.00134
-4.99861
-4.9928
-4.98115
-4.96462
-4.94179
-4.91481
-4.8874
-4.86315
-4.84397
-4.83143
-4.82869
-4.83309
-4.84334
-4.85829
-4.87631
-4.89779
-4.92302
-4.94994
-4.97771
-5.00504
-5.0285
-5.0454
-5.05629
-5.06176
-5.06043
-5.05509
-5.04947
-5.04365
-5.04133
-5.04214
-5.04735
-5.05523
-5.06302
-5.06798
-5.0713
-5.07079
-5.06963
-5.06942
-5.07018
-5.07253
-5.07716
-5.08177
-5.08417
-5.08432
-5.07829
-5.06694
-5.04775
-5.02211
-4.99206
-4.96096
-4.93438
-4.919
-4.91848
-4.93473
-4.9606
-4.99021
-5.01269
-5.02656
-5.03085
-5.02941
-5.02594
-5.02323
-5.02523
-5.0294
-5.03363
-5.04035
-5.04622
-5.05152
-5.05617
-5.05937
-5.05799
-5.05124
-5.03854
-5.02112
-4.99684
-4.97154
-4.94691
-4.92751
-4.91517
-4.90951
-4.91295
-4.92227
-4.93528
-4.94834
-4.96274
-4.97643
-4.9892
-5.00003
-5.00671
-5.01086
-5.01029
-5.00658
-4.99921
-4.9877
-4.97527
-4.96569
-4.96469
-4.97413
-4.99258
-5.01658
-5.03778
-5.04705
-5.04147
-5.02297
-4.99748
-4.97075
-4.94551
-4.91949
-4.89
-4.85601
-4.8203
-4.79316
-4.78136
-4.78797
-4.8134
-4.85449
-4.90188
-4.954
-5.00374
-5.04685
-5.07986
-5.1011
-5.11017
-5.10722
-5.09255
-5.07067
-5.04473
-5.01745
-4.99455
-4.97785
-4.96651
-4.96055
-4.95734
-4.95435
-4.95148
-4.94964
-4.95005
-4.95506
-4.96666
-4.98269
-5.00005
-5.01607
-5.02949
-5.03541
-5.035
-5.02473
-5.00757
-4.98535
-4.96177
-4.93863
-4.91513
-4.89
-4.86164
-4.83305
-4.80951
-4.79481
-4.78879
-4.78282
-4.77598
-4.76483
-4.75345
-4.74724
-4.74708
-4.75617
-4.7733
-4.79917
-4.83105
-4.8675
-4.90467
-4.93957
-4.96859
-4.98943
-5.001
-5.00179
-4.99401
-4.98038
-4.96658
-4.95646
-4.95351
-4.95645
-4.96327
-4.97029
-4.97592
-4.98094
-4.9847
-4.99056
-4.99754
-5.00626
-5.0136
-5.02244
-5.03078
-5.03785
-5.04168
-5.04016
-5.03413
-5.02124
-5.00253
-4.97933
-4.95745
-4.94145
-4.93241
-4.93178
-4.93905
-4.95241
-4.97025
-4.99184
-5.01468
-5.03722
-5.0599
-5.08301
-5.10356
-5.12098
-5.1331
-5.13667
-5.13193
-5.1214
-5.10521
-5.08769
-5.07276
-5.06104
-5.05535
-5.05361
-5.05401
-5.0533
-5.05011
-5.04148
-5.02905
-5.01611
-5.00444
-4.99572
-4.99345
-4.99469
-4.9985
-5.00478
-5.01085
-5.01541
-5.01881
-5.01928
-5.01899
-5.01577
-5.01095
-5.00288
-4.98571
-4.95925
-4.9258
-4.89343
-4.86967
-4.86128
-4.86903
-4.8864
-4.90477
-4.91884
-4.92403
-4.91958
-4.90601
-4.90388
-4.87769
-4.84937
-4.82085
-4.79726
-4.78245
-4.77969
-4.7875
-4.80484
-4.83228
-4.8665
-4.90549
-4.94658
-4.98521
-5.01685
-5.03749
-5.0491
-5.05188
-5.05098
-5.04652
-5.04301
-5.03878
-5.03647
-5.03671
-5.03939
-5.04799
-5.06316
-5.08434
-5.10973
-5.1361
-5.15665
-5.17007
-5.17069
-5.1605
-5.14027
-5.11361
-5.0791
-5.04231
-5.00411
-4.96902
-4.94055
-4.92189
-4.91349
-4.91522
-4.92372
-4.93629
-4.94976
-4.95974
-4.96548
-4.96539
-4.95846
-4.948
-4.93614
-4.92553
-4.9215
-4.92218
-4.92827
-4.93762
-4.94994
-4.96573
-4.98457
-5.00555
-5.02602
-5.04007
-5.04819
-5.05169
-5.05101
-5.0518
-5.0555
-5.06186
-5.07052
-5.07582
-5.07761
-5.07484
-5.06672
-5.055
-5.03983
-5.02476
-5.00826
-4.99343
-4.97889
-4.96664
-4.95531
-4.94631
-4.94066
-4.93961
-4.94289
-4.95014
-4.96047
-4.97159
-4.98192
-4.99008
-4.99551
-4.99538
-4.99216
-4.98798
-4.9868
-4.99338
-5.00471
-5.02264
-5.04569
-5.06986
-5.08892
-5.10206
-5.1063
-5.10129
-5.08923
-5.07287
-5.05535
-5.03802
-5.02335
-5.01035
-5.00248
-4.99695
-4.9945
-4.99494
-4.99794
-5.00323
-5.00948
-5.01671
-5.02478
-5.03274
-5.03762
-5.03924
-5.03541
-5.02397
-5.0061
-4.98251
-4.95662
-4.93437
-4.92203
-4.91907
-4.92272
-4.9253
-4.92344
-4.91792
-4.91022
-4.90314
-4.89724
-4.88867
-4.87881
-4.86625
-4.85419
-4.84677
-4.84827
-4.85937
-4.87509
-4.89152
-4.9043
-4.91324
-4.91695
-4.91725
-4.91473
-4.91293
-4.91414
-4.92049
-4.93289
-4.9512
-4.9716
-4.99402
-5.01821
-5.04086
-5.06213
-5.08078
-5.09713
-5.10973
-5.11917
-5.12355
-5.12389
-5.12112
-5.11733
-5.11269
-5.10641
-5.09736
-5.08138
-5.05927
-5.03187
-5.00202
-4.97171
-4.94677
-4.92543
-4.91114
-4.90247
-4.8984
-4.89783
-4.9029
-4.91404
-4.93173
-4.95337
-4.97478
-4.99344
-5.00933
-5.02165
-5.03463
-5.05142
-5.06753
-5.08114
-5.08655
-5.08161
-5.06544
-5.03617
-4.99876
-4.95358
-4.90478
-4.85639
-4.81313
-4.7774
-4.7533
-4.73972
-4.73586
-4.74163
-4.75622
-4.78041
-4.81147
-4.84651
-4.88431
-4.9218
-4.95664
-4.98378
-5.00099
-5.00722
-5.00157
-4.98556
-4.96301
-4.94038
-4.92118
-4.90905
-4.90495
-4.90657
-4.91054
-4.91505
-4.91769
-4.91516
-4.91086
-4.90292
-4.89327
-4.88411
-4.87589
-4.87412
-4.87474
-4.87684
-4.87538
-4.8652
-4.84606
-4.81998
-4.79757
-4.78725
-4.79042
-4.81008
-4.83841
-4.8687
-4.89378
-4.91316
-4.92557
-4.93129
-4.93216
-4.92776
-4.92148
-4.91516
-4.911
-4.90961
-4.91355
-4.92028
-4.92709
-4.92842
-4.92287
-4.90865
-4.88634
-4.85904
-4.83178
-4.80793
-4.79075
-4.77965
-4.77609
-4.77962
-4.79462
-4.82338
-4.86665
-4.91891
-4.97448
-5.02646
-5.06962
-5.09999
-5.11619
-5.11977
-5.1143
-5.10544
-5.09735
-5.09323
-5.09535
-5.10484
-5.1237
-5.14488
-5.16467
-5.18199
-5.19206
-5.19302
-5.18581
-5.16966
-5.14364
-5.11449
-5.08516
-5.05626
-5.03378
-5.01435
-4.99925
-4.98898
-4.979
-4.96891
-4.95422
-4.93755
-4.92167
-4.91215
-4.91405
-4.92622
-4.94781
-4.97372
-5.0021
-5.028
-5.05008
-5.06554
-5.07449
-5.07594
-5.07197
-5.06407
-5.05477
-5.04736
-5.04657
-5.05406
-5.06438
-5.07931
-5.09323
-5.10796
-5.12282
-5.13717
-5.15032
-5.16279
-5.17145
-5.17306
-5.16812
-5.15415
-5.13238
-5.10502
-5.07401
-5.04231
-5.01379
-4.99299
-4.97953
-4.97444
-4.97558
-4.98156
-4.99286
-5.00962
-5.03004
-5.05094
-5.06745
-5.07712
-5.08224
-5.08258
-5.08281
-5.08464
-5.08949
-5.09527
-5.10315
-5.11087
-5.11801
-5.12651
-5.13664
-5.14855
-5.15876
-5.16661
-5.16856
-5.16192
-5.1468
-5.12244
-5.09261
-5.06216
-5.03558
-5.01406
-5.0009
-4.99351
-4.98922
-4.98423
-4.97748
-4.96946
-4.95861
-4.94836
-4.94173
-4.94249
-4.9531
-4.97262
-4.99499
-5.01591
-5.02923
-5.03325
-5.02715
-5.00851
-4.9814
-4.94833
-4.91856
-4.89371
-4.87827
-4.8739
-4.87821
-4.8883
-4.89948
-4.90821
-4.91175
-4.91381
-4.9201
-4.93143
-4.95147
-4.98032
-5.01206
-5.04314
-5.0693
-5.08837
-5.10001
-5.10507
-5.10168
-5.09058
-5.07338
-5.05112
-5.02482
-4.99555
-4.96607
-4.93999
-4.92588
-4.9285
-4.95135
-4.98755
-5.02942
-5.06766
-5.09452
-5.10949
-5.11215
-5.10365
-5.08638
-5.06222
-5.03163
-4.99944
-4.96817
-4.94513
-4.93642
-4.94401
-4.96283
-4.98622
-5.00782
-5.02204
-5.03095
-5.03412
-5.03004
-5.02095
-5.00836
-4.99226
-4.97142
-4.94767
-4.91993
-4.88826
-4.855
-4.82039
-4.78931
-4.76222
-4.74319
-4.73527
-4.73846
-4.75647
-4.78886
-4.83526
-4.89027
-4.94761
-5.00167
-5.04563
-5.07707
-5.09268
-5.09432
-5.08285
-5.06087
-5.03413
-5.00274
-4.97265
-4.94925
-4.93306
-4.92455
-4.92326
-4.928
-4.93771
-4.95336
-4.97313
-4.99537
-5.02053
-5.04288
-5.05813
-5.06254
-5.05481
-5.03756
-5.01612
-4.99806
-4.98911
-4.99151
-5.00269
-5.01833
-5.03446
-5.04694
-5.04991
-5.04065
-5.02144
-4.9955
-4.96794
-4.94386
-4.93301
-4.93813
-4.96128
-4.99905
-5.04437
-5.08977
-5.12875
-5.15675
-5.17076
-5.17052
-5.15806
-5.13664
-5.11433
-5.09635
-5.08843
-5.09339
-5.10847
-5.13091
-5.15345
-5.17287
-5.18499
-5.18762
-5.17738
-5.15641
-5.12556
-5.08692
-5.04404
-5.00205
-4.96505
-4.93687
-4.91782
-4.91106
-4.91555
-4.93074
-4.95314
-4.97816
-5.00288
-5.02455
-5.03805
-5.04657
-5.04791
-5.04254
-5.03143
-5.01975
-5.00682
-4.99445
-4.98423
-4.97697
-4.96842
-4.96171
-4.95502
-4.94675
-4.9405
-4.93456
-4.92851
-4.92356
-4.92012
-4.91546
-4.90774
-4.8965
-4.88391
-4.87029
-4.85806
-4.84503
-4.83173
-4.81968
-4.80935
-4.80497
-4.80798
-4.82472
-4.8556
-4.89998
-4.95164
-5.00595
-5.05529
-5.0942
-5.12023
-5.13081
-5.12592
-5.10937
-5.08489
-5.05536
-5.02451
-4.9978
-4.97529
-4.95722
-4.94419
-4.93413
-4.92621
-4.92201
-4.91796
-4.91785
-4.91911
-4.92661
-4.93931
-4.95759
-4.97909
-5.00129
-5.02246
-5.03926
-5.04809
-5.04649
-5.03424
-5.01554
-4.99706
-4.98354
-4.98277
-4.99569
-5.01959
-5.04393
-5.05968
-5.06303
-5.05086
-5.02217
-4.98028
-4.93982
-4.91842
-4.92968
-4.9638
-5.0049
-5.0405
-5.06543
-5.08054
-5.08638
-5.08401
-5.07259
-5.05475
-5.03386
-5.00908
-4.98346
-4.95947
-4.93816
-4.92367
-4.91799
-4.92139
-4.93633
-4.96063
-4.98991
-5.02294
-5.05357
-5.07842
-5.09452
-5.10066
-5.10042
-5.09554
-5.08658
-5.07609
-5.06487
-5.05138
-5.0393
-5.02698
-5.0164
-5.01032
-5.00798
-5.01132
-5.01806
-5.02526
-5.03117
-5.0301
-5.02196
-5.00432
-4.97743
-4.94418
-4.90981
-4.88097
-4.86137
-4.85192
-4.85225
-4.85954
-4.87069
-4.88523
-4.90072
-4.91508
-4.92752
-4.93703
-4.94437
-4.94922
-4.95411
-4.95685
-4.96002
-4.96413
-4.96743
-4.97046
-4.97151
-4.97094
-4.9686
-4.96651
-4.9674
-4.97149
-4.9813
-4.99169
-5.0016
-5.00837
-5.00921
-5.00853
-5.00468
-4.99662
-4.9863
-4.97669
-4.96978
-4.97125
-4.97922
-4.99458
-5.01218
-5.02646
-5.0337
-5.0315
-5.02329
-5.01344
-5.00274
-4.9972
-4.99377
-4.99015
-4.98602
-4.98245
-4.97829
-4.97347
-4.96754
-4.96113
-4.95467
-4.95106
-4.95152
-4.95955
-4.97592
-4.99927
-5.02769
-5.05592
-5.08082
-5.10191
-5.11805
-5.12846
-5.13409
-5.13524
-5.13096
-5.12292
-5.11541
-5.11307
-5.11663
-5.12516
-5.13337
-5.13978
-5.14278
-5.14021
-5.13669
-5.13133
-5.12447
-5.11677
-5.10826
-5.0955
-5.08189
-5.06796
-5.05659
-5.04862
-5.0451
-5.04292
-5.04026
-5.03409
-5.022
-5.00859
-4.99381
-4.98083
-4.97058
-4.96223
-4.95207
-4.93942
-4.922
-4.90273
-4.88095
-4.86143
-4.84291
-4.83173
-4.8316
-4.84537
-4.87177
-4.90586
-4.94014
-4.97135
-4.9954
-5.00788
-5.00986
-5.00135
-4.98381
-4.95915
-4.93259
-4.90608
-4.8828
-4.86598
-4.85637
-4.85566
-4.86254
-4.87562
-4.8915
-4.9086
-4.92389
-4.93456
-4.94323
-4.94838
-4.95172
-4.9505
-4.94624
-4.93542
-4.92011
-4.89922
-4.8768
-4.85378
-4.82922
-4.80264
-4.7765
-4.75259
-4.73682
-4.73549
-4.75488
-4.79647
-4.85132
-4.91217
-4.97008
-5.01772
-5.05069
-5.06587
-5.06412
-5.05019
-5.0284
-5.0047
-4.97857
-4.95609
-4.93609
-4.9206
-4.91082
-4.90483
-4.90132
-4.90017
-4.89829
-4.8952
-4.8911
-4.88631
-4.88456
-4.88711
-4.89372
-4.9078
-4.92966
-4.95962
-4.99144
-5.02003
-5.04006
-5.05306
-5.05825
-5.05787
-5.0541
-5.05035
-5.04735
-5.04601
-5.04374
-5.04208
-5.03901
-5.03228
-5.02223
-5.00836
-4.98966
-4.96746
-4.94234
-4.91718
-4.89899
-4.88479
-4.87732
-4.87448
-4.87349
-4.87254
-4.87244
-4.87628
-4.88713
-4.90533
-4.93156
-4.9627
-4.99406
-5.02361
-5.04548
-5.05615
-5.05539
-5.04286
-5.02104
-4.98899
-4.95119
-4.91092
-4.87373
-4.84482
-4.8324
-4.8355
-4.8561
-4.88927
-4.92934
-4.97129
-5.01093
-5.04745
-5.07624
-5.09836
-5.11482
-5.12677
-5.13282
-5.13569
-5.13297
-5.12353
-5.10748
-5.08603
-5.06054
-5.03544
-5.00923
-4.98477
-4.96181
-4.93952
-4.9211
-4.90598
-4.895
-4.89138
-4.89714
-4.91068
-4.93459
-4.96702
-5.00183
-5.03483
-5.06106
-5.07956
-5.09092
-5.09603
-5.09825
-5.09865
-5.09925
-5.10109
-5.10202
-5.10396
-5.10463
-5.10329
-5.09952
-5.0903
-5.07783
-5.06059
-5.03986
-5.01956
-5.00282
-4.9945
-4.99464
-4.99986
-5.00787
-5.01777
-5.02793
-5.03957
-5.05294
-5.06646
-5.0799
-5.09487
-5.10589
-5.11725
-5.12576
-5.13033
-5.13417
-5.13518
-5.13775
-5.13949
-5.14046
-5.13746
-5.13208
-5.12192
-5.10823
-5.09025
-5.07001
-5.04715
-5.02147
-4.99833
-4.97508
-4.95213
-4.93243
-4.91574
-4.90569
-4.90209
-4.90815
-4.92223
-4.944
-4.96729
-4.99139
-5.01171
-5.03223
-5.05174
-5.06757
-5.079
-5.08072
-5.07512
-5.06394
-5.05029
-5.03627
-5.0233
-5.00962
-5.00116
-5.00037
-4.99398
-4.99356
-4.998
-5.00426
-5.009
-5.01167
-5.01241
-5.01395
-5.01772
-5.02565
-5.03565
-5.04518
-5.05027
-5.05022
-5.04633
-5.04321
-5.04233
-5.04301
-5.04442
-5.04787
-5.05124
-5.05281
-5.05123
-5.04599
-5.03638
-5.02368
-5.00798
-4.98956
-4.97369
-4.95928
-4.95181
-4.9522
-4.96185
-4.98306
-5.01113
-5.04286
-5.07035
-5.08778
-5.09658
-5.09675
-5.09506
-5.09455
-5.09782
-5.10656
-5.11431
-5.12039
-5.11987
-5.11231
-5.09671
-5.07574
-5.04953
-5.02295
-4.99827
-4.97967
-4.96597
-4.96009
-4.9593
-4.96526
-4.97661
-4.99024
-5.00499
-5.0195
-5.02832
-5.03167
-5.02948
-5.02427
-5.01676
-5.00972
-5.00243
-4.99438
-4.98644
-4.97758
-4.96897
-4.96118
-4.95531
-4.94867
-4.94194
-4.93501
-4.93048
-4.93037
-4.93543
-4.94377
-4.95428
-4.96698
-4.98056
-4.99484
-5.00895
-5.02472
-5.04005
-5.05453
-5.06356
-5.06656
-5.06288
-5.04941
-5.02661
-4.99515
-4.9605
-4.93088
-4.91432
-4.91642
-4.93759
-4.97111
-5.00603
-5.04158
-5.06838
-5.08744
-5.09859
-5.10275
-5.0993
-5.08951
-5.07852
-5.07008
-5.06697
-5.0715
-5.08205
-5.09652
-5.11264
-5.12548
-5.13246
-5.12969
-5.11659
-5.09433
-5.06715
-5.0391
-5.01491
-4.99488
-4.97936
-4.96553
-4.9529
-4.94301
-4.9359
-4.93348
-4.93629
-4.94448
-4.95775
-4.97386
-4.99008
-5.00547
-5.01842
-5.03241
-5.0457
-5.05715
-5.06914
-5.07907
-5.08571
-5.08845
-5.08846
-5.0883
-5.08619
-5.08414
-5.08424
-5.08632
-5.08861
-5.08945
-5.08642
-5.08103
-5.07509
-5.06916
-5.06294
-5.05782
-5.05479
-5.05405
-5.05763
-5.06288
-5.07001
-5.07924
-5.0876
-5.09285
-5.09565
-5.09281
-5.08559
-5.07296
-5.05582
-5.03872
-5.02218
-5.01047
-5.00412
-5.00672
-5.01599
-5.02908
-5.04281
-5.05815
-5.07122
-5.08097
-5.08638
-5.08774
-5.08491
-5.08032
-5.07531
-5.07289
-5.07311
-5.07565
-5.07905
-5.08311
-5.08586
-5.08255
-5.07344
-5.05954
-5.03965
-5.01999
-5.00432
-4.99514
-4.99463
-5.00158
-5.01682
-5.03548
-5.05666
-5.07812
-5.09604
-5.10895
-5.11545
-5.11502
-5.10691
-5.09305
-5.07645
-5.05999
-5.04593
-5.03862
-5.03878
-5.04454
-5.0544
-5.06163
-5.06111
-5.05205
-5.03463
-5.01276
-4.99801
-4.99619
-5.01099
-5.03529
-5.06594
-5.1001
-5.13227
-5.16136
-5.18678
-5.20562
-5.21741
-5.22327
-5.22232
-5.2139
-5.1994
-5.17917
-5.1581
-5.13802
-5.1194
-5.10127
-5.08281
-5.06309
-5.04188
-5.02373
-5.00821
-4.99454
-4.98146
-4.97014
-4.96157
-4.95911
-4.96421
-4.9769
-4.99503
-5.01675
-5.03827
-5.05393
-5.06187
-5.06512
-5.06144
-5.05267
-5.04242
-5.03039
-5.0178
-5.00597
-4.99505
-4.98396
-4.97392
-4.9642
-4.96038
-4.95969
-4.96304
-4.97203
-4.98686
-5.00619
-5.02919
-5.05181
-5.07245
-5.09005
-5.10304
-5.10859
-5.1079
-5.10059
-5.09043
-5.08344
-5.08471
-5.09586
-5.10923
-5.11767
-5.11582
-5.10273
-5.08127
-5.05733
-5.03324
-5.01184
-4.9949
-4.97997
-4.96309
-4.94177
-4.91246
-4.87719
-4.84214
-4.81301
-4.79622
-4.79833
-4.81745
-4.85011
-4.88787
-4.92309
-4.95425
-4.97812
-4.99403
-5.0021
-5.00281
-4.99521
-4.98523
-4.97532
-4.96574
-4.96084
-4.96101
-4.9679
-4.97782
-4.98843
-4.99599
-5.00202
-5.0073
-5.01461
-5.02018
-5.02116
-5.01568
-5.0054
-4.9897
-4.97046
-4.95223
-4.9351
-4.92134
-4.91112
-4.90259
-4.8938
-4.88162
-4.86805
