1.65364
1.65382
1.64958
1.64212
1.63338
1.62577
1.62219
1.62519
1.6355
1.65091
1.66635
1.67536
1.67256
1.65585
1.62792
1.59675
1.57396
1.57023
1.58945
1.62656
1.67127
1.71393
1.74871
1.77371
1.78958
1.79813
1.80146
1.80157
1.80016
1.79825
1.79615
1.79338
1.78897
1.78189
1.77145
1.75762
1.74086
1.72175
1.70067
1.67801
1.65461
1.63251
1.615
1.60574
1.60696
1.6184
1.63721
1.65908
1.67958
1.69515
1.7039
1.70583
1.70271
1.69728
1.6923
1.68964
1.68988
1.69255
1.69648
1.70023
1.70226
1.70114
1.69573
1.68531
1.66997
1.65077
1.62979
1.60958
1.59247
1.57987
1.57217
1.56891
1.56924
1.57224
1.57701
1.5829
1.58954
1.59648
1.6029
1.60761
1.60969
1.60934
1.60806
1.60807
1.61116
1.61811
1.62875
1.64251
1.65871
1.67642
1.69401
1.70905
1.71893
1.72189
1.71775
1.70784
1.69426
1.67911
1.66422
1.65089
1.63961
1.63026
1.62262
1.61713
1.61492
1.61713
1.6238
1.63351
1.64389
1.6528
1.65909
1.6626
1.66359
1.66195
1.65694
1.64754
1.63346
1.61617
1.59893
1.5854
1.57782
1.57623
1.57908
1.58439
1.59051
1.59634
1.60137
1.60536
1.60804
1.60882
1.60682
1.60116
1.59152
1.57869
1.5648
1.5531
1.54708
1.54922
1.56006
1.57819
1.60095
1.6252
1.648
1.66709
1.68108
1.68958
1.69311
1.69306
1.69127
1.68943
1.68839
1.6876
1.68522
1.67903
1.66748
1.65054
1.63003
1.60901
1.59078
1.57737
1.56867
1.5627
1.55719
1.55091
1.54415
1.53788
1.53283
1.52908
1.52669
1.52643
1.52975
1.53769
1.54971
1.56332
1.57492
1.58105
1.57977
1.57116
1.55663
1.53771
1.51503
1.4885
1.45868
1.42805
1.40143
1.38499
1.38365
1.39853
1.42674
1.46315
1.50247
1.54049
1.57431
1.60227
1.62377
1.6392
1.64991
1.65789
1.66527
1.67351
1.68283
1.69229
1.70028
1.70517
1.70584
1.70181
1.69302
1.6795
1.66124
1.63844
1.61192
1.5837
1.5572
1.53666
1.52551
1.52461
1.53151
1.54169
1.55057
1.55506
1.55409
1.54856
1.54087
1.53415
1.53132
1.53444
1.54428
1.56034
1.58115
1.6047
1.62865
1.65068
1.66896
1.68279
1.69295
1.7011
1.70886
1.71696
1.72522
1.73298
1.73929
1.74303
1.74314
1.73905
1.73107
1.72032
1.70843
1.69698
1.68705
1.67895
1.67197
1.66456
1.65482
1.64135
1.6241
1.60457
1.58537
1.56921
1.55786
1.55143
1.54881
1.54876
1.55068
1.55474
1.56133
1.57051
1.58166
1.59352
1.60453
1.61321
1.61845
1.61963
1.61643
1.60872
1.59713
1.58388
1.57263
1.56726
1.57004
1.5804
1.59505
1.60914
1.61758
1.61638
1.60404
1.58246
1.55677
1.53365
1.5188
1.51506
1.52205
1.53716
1.55676
1.57723
1.59557
1.60977
1.61908
1.62375
1.6247
1.62302
1.61953
1.61461
1.60813
1.59984
1.58948
1.57708
1.56306
1.54854
1.53531
1.52549
1.52087
1.52244
1.53039
1.54415
1.56262
1.58408
1.6064
1.62765
1.64684
1.66425
1.68086
1.6972
1.71237
1.72405
1.72952
1.72703
1.71651
1.69965
1.67944
1.65944
1.64298
1.63239
1.62857
1.63061
1.63618
1.64215
1.64575
1.64545
1.64147
1.63553
1.63
1.6267
1.62626
1.6281
1.63102
1.63389
1.636
1.63717
1.63798
1.63963
1.64363
1.65135
1.66364
1.68063
1.70177
1.72609
1.7521
1.77797
1.80162
1.82152
1.83751
1.85059
1.86154
1.86945
1.87196
1.86711
1.8545
1.83531
1.81138
1.7844
1.75568
1.7263
1.69744
1.67055
1.6473
1.62959
1.61939
1.61831
1.62703
1.64466
1.66865
1.69511
1.7195
1.73763
1.74648
1.74503
1.73431
1.71724
1.69793
1.68081
1.66933
1.66465
1.66534
1.66844
1.67107
1.67131
1.66856
1.66358
1.65856
1.65715
1.66311
1.6769
1.69302
1.70317
1.70183
1.68845
1.6658
1.63794
1.60883
1.58207
1.56073
1.54711
1.54233
1.54582
1.55548
1.5686
1.58294
1.59743
1.61202
1.62693
1.64187
1.65586
1.66752
1.67572
1.68022
1.68192
1.68269
1.68462
1.68884
1.69475
1.70023
1.70267
1.7002
1.6925
1.68091
1.66767
1.65491
1.64398
1.63531
1.62912
1.62587
1.62639
1.63152
1.64134
1.65448
1.66811
1.67904
1.6852
1.6865
1.6846
1.68185
1.68029
1.68078
1.68285
1.68493
1.68495
1.6816
1.67534
1.66864
1.66549
1.66971
1.68317
1.70451
1.72938
1.752
1.76728
1.77217
1.76652
1.75268
1.73485
1.71771
1.70491
1.69768
1.69465
1.69299
1.69024
1.68549
1.67925
1.6726
1.66661
1.66226
1.66053
1.66236
1.66836
1.67836
1.69112
1.70446
1.71586
1.72307
1.72475
1.72099
1.71337
1.70479
1.69854
1.69671
1.69874
1.70128
1.69981
1.691
1.67378
1.64913
1.61917
1.58657
1.55445
1.52635
1.50596
1.49683
1.50192
1.52241
1.55631
1.59851
1.64275
1.68379
1.71831
1.74502
1.76427
1.77736
1.78583
1.79093
1.79352
1.79393
1.79202
1.78711
1.77845
1.76549
1.74842
1.72831
1.70708
1.68714
1.67078
1.65901
1.65083
1.64424
1.63781
1.63119
1.62465
1.61838
1.61255
1.60778
1.60546
1.60768
1.61615
1.63086
1.64967
1.66925
1.68654
1.69962
1.7079
1.71159
1.71121
1.70705
1.69903
1.68701
1.67142
1.65372
1.63633
1.62203
1.6128
1.60892
1.60898
1.61071
1.61201
1.61167
1.60948
1.60604
1.60238
1.59969
1.59912
1.60152
1.60705
1.61516
1.62502
1.6358
1.64671
1.65667
1.66414
1.66746
1.66526
1.65688
1.6426
1.62363
1.60203
1.5804
1.56114
1.54574
1.53436
1.526
1.51906
1.51191
1.50327
1.49246
1.47979
1.46674
1.45595
1.45047
1.45276
1.46363
1.48187
1.50462
1.52838
1.55018
1.56831
1.58248
1.5934
1.60223
1.61033
1.61915
1.6299
1.64322
1.65866
1.67455
1.68827
1.69687
1.69806
1.6912
1.67805
1.66245
1.64831
1.63713
1.62735
1.61611
1.60161
1.58405
1.56539
1.54831
1.53505
1.52695
1.52496
1.53026
1.54368
1.56393
1.58703
1.60811
1.62408
1.63478
1.64182
1.64647
1.6486
1.64753
1.64343
1.63812
1.63474
1.63643
1.64465
1.65804
1.67279
1.6847
1.69099
1.691
1.68592
1.67794
1.66964
1.66356
1.66184
1.66593
1.67616
1.69154
1.70977
1.72785
1.74281
1.75238
1.75528
1.75127
1.74081
1.72488
1.70473
1.68175
1.65771
1.6351
1.61696
1.60627
1.60481
1.61236
1.62672
1.64444
1.66177
1.67544
1.68303
1.68297
1.67458
1.65848
1.63715
1.61513
1.59763
1.58813
1.58709
1.59268
1.60213
1.61259
1.62165
1.62807
1.63231
1.63682
1.64501
1.65879
1.67646
1.69336
1.70547
1.71168
1.71367
1.71404
1.71433
1.71435
1.71302
1.70962
1.70447
1.69879
1.69409
1.69168
1.69211
1.69488
1.69867
1.70181
1.70267
1.7
1.69289
1.68083
1.66406
1.64387
1.62312
1.60599
1.59688
1.59872
1.61155
1.63221
1.65518
1.67456
1.68632
1.6897
1.68718
1.683
1.68098
1.68278
1.68733
1.69191
1.69361
1.69044
1.68172
1.66806
1.65103
1.63306
1.61742
1.60787
1.60767
1.61806
1.63758
1.66267
1.68909
1.71317
1.73249
1.74581
1.75308
1.75511
1.75341
1.74978
1.74609
1.74361
1.74231
1.7404
1.73504
1.7241
1.7078
1.68844
1.66836
1.64849
1.62956
1.61356
1.60353
1.60225
1.61125
1.62996
1.65545
1.68294
1.70735
1.72473
1.73281
1.73081
1.71933
1.70052
1.67841
1.65819
1.64388
1.63644
1.63407
1.63439
1.63629
1.6401
1.64637
1.65483
1.66413
1.67235
1.67793
1.68015
1.6792
1.67543
1.6688
1.65855
1.64373
1.6239
1.59991
1.57396
1.5493
1.52922
1.51578
1.50913
1.50798
1.51066
1.51619
1.52465
1.53672
1.5527
1.57135
1.58966
1.60411
1.61223
1.61381
1.61074
1.60575
1.60078
1.59639
1.5923
1.58822
1.58427
1.58064
1.57723
1.57363
1.56969
1.56621
1.56482
1.56689
1.57241
1.57969
1.58636
1.59056
1.59141
1.58921
1.58535
1.58211
1.58185
1.58561
1.59226
1.59917
1.60366
1.60425
1.60095
1.59524
1.58941
1.58566
1.58508
1.58737
1.59153
1.59666
1.60216
1.60731
1.61103
1.612
1.60911
1.60188
1.59066
1.5765
1.56112
1.54675
1.53633
1.53322
1.54067
1.56038
1.59104
1.62785
1.66383
1.69211
1.70769
1.70843
1.69501
1.67071
1.6407
1.61099
1.58705
1.57235
1.56715
1.56836
1.57105
1.57068
1.56461
1.55251
1.53613
1.51917
1.50682
1.50457
1.51612
1.54135
1.57626
1.61466
1.65023
1.67778
1.69376
1.69659
1.68689
1.66722
1.64163
1.61496
1.59212
1.57676
1.56961
1.56756
1.56523
1.5578
1.54302
1.52235
1.5018
1.49106
1.49836
1.5243
1.56211
1.60328
1.6412
1.671
1.68885
1.69244
1.68311
1.66846
1.66122
1.66985
1.68994
1.70921
1.71827
1.71442
1.70014
1.68102
1.66318
1.65029
1.64286
1.64019
1.64157
1.64549
1.64931
1.6504
1.64763
1.64172
1.63484
1.62983
1.62926
1.63453
1.64483
1.65668
1.6649
1.6649
1.65468
1.63558
1.61159
1.58821
1.57109
1.56469
1.57075
1.5876
1.6112
1.63716
1.66217
1.6844
1.70319
1.71887
1.73258
1.74582
1.75944
1.77318
1.78576
1.79556
1.8013
1.80244
1.79914
1.79215
1.78239
1.77068
1.75789
1.74549
1.73653
1.7351
1.74374
1.76046
1.77907
1.7928
1.79727
1.7912
1.77574
1.7537
1.72881
1.70471
1.68376
1.66649
1.65207
1.63959
1.62892
1.62048
1.61458
1.61083
1.60805
1.60468
1.59921
1.59034
1.57702
1.56052
1.55841
1.62511
1.59323
1.55825
1.52407
1.49487
1.47455
1.46627
1.47227
1.4932
1.52737
1.57021
1.61505
1.65494
1.68488
1.7034
1.7125
1.716
1.71709
1.71676
1.71447
1.70985
1.70372
1.69779
1.6937
1.69226
1.69322
1.69547
1.69772
1.69914
1.69993
1.70133
1.70503
1.71238
1.72363
1.73778
1.75287
1.76643
1.7761
1.77997
1.7768
1.76594
1.74724
1.72137
1.69017
1.65703
1.62641
1.60266
1.58862
1.58492
1.5904
1.6033
1.62201
1.64546
1.67284
1.70312
1.73464
1.76517
1.79246
1.81484
1.83133
1.84163
1.84594
1.84465
1.83791
1.82544
1.80686
1.78226
1.75288
1.72118
1.69036
1.6634
1.64229
1.62769
1.61928
1.6161
1.61688
1.62023
1.62495
1.63022
1.63584
1.64192
1.6486
1.65577
1.66312
1.67048
1.67818
1.68732
1.69955
1.71616
1.73721
1.76133
1.78657
1.81111
1.8334
1.85212
1.86614
1.8745
1.87662
1.87226
1.8618
1.84609
1.82629
1.80367
1.77939
1.75457
1.73068
1.70997
1.69541
1.68973
1.69378
1.70531
1.71963
1.73197
1.74
1.74471
1.74802
1.74986
1.74749
1.73767
1.71966
1.69772
1.68084
1.67687
1.68522
1.69814
1.7086
1.71418
1.71563
1.71449
1.71197
1.70873
1.70498
1.70058
1.69525
1.68917
1.6835
1.68034
1.68198
1.68994
1.7042
1.7232
1.74456
1.7658
1.7849
1.80037
1.81118
1.81661
1.81636
1.81051
1.79933
1.78259
1.75969
1.73066
1.6973
1.66357
1.63497
1.61744
1.61601
1.63328
1.66811
1.71528
1.76649
1.8128
1.84726
1.86653
1.87127
1.86528
1.85371
1.84085
1.82887
1.818
1.80746
1.79611
1.78259
1.76559
1.74428
1.71878
1.69007
1.65959
1.62888
1.59955
1.5738
1.5544
1.54398
1.54388
1.55315
1.569
1.58784
1.6069
1.62519
1.64351
1.66361
1.687
1.71412
1.74378
1.77337
1.7995
1.81904
1.8298
1.83047
1.82039
1.79941
1.76833
1.72944
1.6871
1.64787
1.61921
1.60638
1.60924
1.62201
1.63661
1.64694
1.65103
1.65061
1.64933
1.65087
1.65795
1.67179
1.69216
1.71746
1.74508
1.77182
1.7945
1.81065
1.8188
1.8185
1.81007
1.79406
1.77109
1.74169
1.70662
1.66762
1.62857
1.59565
1.57521
1.5699
1.5769
1.5905
1.60581
1.62037
1.63371
1.64626
1.6588
1.67235
1.68813
1.70706
1.72899
1.75214
1.77328
1.78872
1.79561
1.7929
1.78181
1.76543
1.74774
1.73215
1.72067
1.71391
1.71198
1.7148
1.72191
1.73199
1.74287
1.75214
1.75792
1.75939
1.75688
1.75143
1.74435
1.73678
1.72952
1.72318
1.71855
1.71681
1.7192
1.7263
1.73733
1.75005
1.76145
1.76856
1.76926
1.7628
1.75021
1.73419
1.71838
1.70595
1.69838
1.69518
1.69479
1.69609
1.69923
1.70519
1.7145
1.72585
1.73562
1.7391
1.73271
1.71602
1.69218
1.66681
1.6463
1.63598
1.63789
1.6501
1.66816
1.68708
1.70253
1.71147
1.71255
1.70576
1.69207
1.67321
1.65181
1.63133
1.61543
1.60691
1.60668
1.6135
1.62466
1.63684
1.64717
1.65364
1.65557
1.65364
1.6495
1.64473
1.63978
1.63389
1.62593
1.61528
1.60243
1.58903
1.57762
1.57095
1.5708
1.57698
1.58761
1.60032
1.61331
1.62578
1.63772
1.64942
1.66116
1.67291
1.68439
1.69515
1.70446
1.71115
1.71385
1.71146
1.70378
1.69155
1.67595
1.65817
1.6395
1.62226
1.61013
1.60641
1.61134
1.62176
1.6338
1.64543
1.65683
1.66927
1.6836
1.69903
1.71291
1.72161
1.72186
1.71207
1.69319
1.66929
1.64662
1.63137
1.62707
1.63403
1.65043
1.67293
1.69709
1.71811
1.73212
1.73712
1.73302
1.72113
1.70364
1.68324
1.66297
1.6459
1.6348
1.63186
1.6384
1.65442
1.6782
1.70669
1.73641
1.76415
1.78741
1.80447
1.81444
1.8171
1.81272
1.80197
1.78616
1.7674
1.74882
1.73391
1.72554
1.72507
1.73235
1.74609
1.76404
1.78307
1.7994
1.80934
1.81002
1.79992
1.77897
1.74844
1.71048
1.66741
1.62148
1.57515
1.53159
1.49493
1.46944
1.45809
1.46152
1.47812
1.5049
1.5383
1.5746
1.61011
1.64147
1.66662
1.68526
1.69863
1.70833
1.71527
1.71941
1.72001
1.71631
1.70816
1.6964
1.6832
1.67189
1.66612
1.66851
1.67955
1.69757
1.71945
1.74161
1.76089
1.77545
1.78495
1.7904
1.79317
1.79374
1.79096
1.78239
1.76532
1.73813
1.7013
1.6582
1.61509
1.57985
1.55951
1.55763
1.57341
1.60279
1.64013
1.67932
1.71459
1.7412
1.75619
1.7588
1.75052
1.73454
1.71507
1.69628
1.68146
1.67237
1.66854
1.66665
1.66086
1.64547
1.61914
1.58777
1.56279
1.55416
1.56429
1.5883
1.61887
1.6505
1.68052
1.70826
1.73397
1.75813
1.78111
1.80291
1.82295
1.83977
1.85135
1.85565
1.85147
1.83944
1.82209
1.80284
1.78424
1.76758
1.75408
1.74608
1.74638
1.75586
1.77197
1.7896
1.80344
1.80989
1.80794
1.79897
1.78583
1.77163
1.75883
1.74897
1.7428
1.74047
1.74146
1.74468
1.74876
1.7523
1.75403
1.75295
1.74862
1.74148
1.73305
1.72543
1.72025
1.71779
1.71728
1.71836
1.72236
1.73188
1.74892
1.77291
1.79999
1.82449
1.84123
1.84702
1.84102
1.82434
1.79942
1.76974
1.73974
1.71457
1.69872
1.69372
1.69705
1.70363
1.70874
1.70964
1.70577
1.69789
1.6873
1.67547
1.66432
1.65661
1.65546
1.66287
1.67846
1.6999
1.72431
1.74931
1.77331
1.79534
1.8148
1.83116
1.84384
1.85217
1.85546
1.85312
1.84504
1.83198
1.81559
1.79802
1.78134
1.76705
1.75593
1.74821
1.74382
1.74289
1.74606
1.75461
1.76989
1.79232
1.82006
1.84889
1.87341
1.88899
1.89312
1.88578
1.86853
1.84339
1.81187
1.77482
1.73288
1.68729
1.64063
1.59682
1.56036
1.5351
1.52319
1.52504
1.53951
1.56426
1.59575
1.62926
1.65931
1.68089
1.6907
1.68819
1.67585
1.65842
1.64155
1.62996
1.62598
1.62924
1.63741
1.64745
1.65658
1.66276
1.66483
1.66245
1.65623
1.64775
1.63959
1.63487
1.63634
1.64531
1.66143
1.68304
1.70757
1.73178
1.75198
1.76452
1.76647
1.75616
1.73359
1.70076
1.66178
1.62247
1.58881
1.56478
1.5513
1.54723
1.55089
1.5604
1.57332
1.58641
1.59617
1.5997
1.59542
1.58365
1.56646
1.54685
1.52785
1.51186
1.50078
1.49642
1.5004
1.51336
1.53393
1.55862
1.583
1.60327
1.61722
1.62442
1.62634
1.62734
1.63498
1.65617
1.69031
1.72853
1.76139
1.78555
1.80321
1.81754
1.82923
1.83674
1.83842
1.83368
1.82281
1.80665
1.78619
1.76277
1.73805
1.71397
1.6925
1.67534
1.66356
1.65742
1.65649
1.65982
1.66604
1.67353
1.68069
1.68629
1.68971
1.69107
1.69099
1.69034
1.69007
1.69114
1.6945
1.70113
1.71156
1.725
1.73881
1.74899
1.75163
1.74443
1.72762
1.70381
1.67703
1.65102
1.6279
1.60792
1.59092
1.57802
1.57232
1.57739
1.59459
1.62158
1.6533
1.6847
1.71253
1.73539
1.7528
1.76442
1.77004
1.77
1.7655
1.75844
1.75097
1.7449
1.74108
1.73889
1.73645
1.73125
1.72096
1.70442
1.68205
1.65583
1.62873
1.60402
1.58469
1.5729
1.56956
1.57396
1.58436
1.59901
1.61702
1.63836
1.66313
1.69065
1.71918
1.74621
1.76936
1.78702
1.79836
1.80338
1.80266
1.79761
1.79049
1.78406
1.78084
1.7821
1.78732
1.79458
1.80162
1.80673
1.8093
1.80969
1.80899
1.80847
1.80924
1.81173
1.81561
1.81977
1.82247
1.8217
1.81568
1.80312
1.78363
1.75784
1.72764
1.69654
1.66997
1.65459
1.65558
1.67288
1.70011
1.72835
1.75068
1.7641
1.76914
1.76846
1.7656
1.76364
1.76443
1.76815
1.77374
1.77986
1.78572
1.79118
1.79597
1.79902
1.79839
1.79225
1.7797
1.76108
1.73785
1.7124
1.68777
1.66732
1.65393
1.64902
1.65215
1.66132
1.67402
1.68814
1.7024
1.71609
1.72855
1.73893
1.74621
1.74976
1.74934
1.74502
1.7369
1.72553
1.71295
1.70324
1.70148
1.71092
1.73042
1.75426
1.77455
1.78428
1.77961
1.76141
1.73516
1.70783
1.68259
1.65702
1.62722
1.59279
1.55814
1.53085
1.51845
1.52537
1.5511
1.59128
1.64003
1.69154
1.74067
1.78318
1.81588
1.83682
1.84529
1.84173
1.82767
1.80564
1.77909
1.75212
1.72877
1.71177
1.70148
1.69597
1.69246
1.68902
1.68539
1.68295
1.68367
1.68912
1.69967
1.71434
1.73109
1.74726
1.76008
1.76705
1.76634
1.75728
1.74072
1.71911
1.69569
1.6727
1.64995
1.62542
1.59797
1.56984
1.5463
1.53145
1.52406
1.51884
1.51125
1.50056
1.48948
1.48222
1.48236
1.4916
1.50979
1.53565
1.56738
1.60277
1.63919
1.67363
1.70295
1.72425
1.73551
1.7363
1.72822
1.7149
1.70125
1.69189
1.68909
1.69203
1.69779
1.7036
1.70832
1.71244
1.71695
1.72251
1.72919
1.73685
1.7454
1.75439
1.76288
1.7695
1.77288
1.7718
1.76518
1.75229
1.73357
1.71143
1.69001
1.67371
1.66527
1.6651
1.67222
1.68542
1.70356
1.72515
1.74845
1.77205
1.79533
1.81799
1.83914
1.85686
1.86882
1.87315
1.86917
1.85773
1.84124
1.82312
1.80698
1.79557
1.78973
1.78829
1.78868
1.78796
1.78387
1.77555
1.76372
1.75048
1.7385
1.73009
1.72646
1.72755
1.73226
1.73885
1.74537
1.75023
1.75273
1.7532
1.7523
1.75014
1.74547
1.73589
1.71887
1.69331
1.66138
1.62931
1.60586
1.59762
1.60476
1.62137
1.63959
1.65305
1.65809
1.65334
1.64083
1.63899
1.62773
1.59971
1.5715
1.54821
1.53401
1.53095
1.53906
1.55731
1.58444
1.61897
1.65856
1.69964
1.73782
1.769
1.79055
1.80201
1.8051
1.80299
1.79883
1.79456
1.79094
1.78848
1.78827
1.79185
1.80076
1.81593
1.83711
1.86234
1.88795
1.90926
1.92193
1.9233
1.9131
1.89303
1.86546
1.83232
1.79538
1.75733
1.72209
1.69377
1.67526
1.66731
1.66874
1.67709
1.68935
1.70237
1.7131
1.719
1.7186
1.71198
1.70091
1.6886
1.6789
1.67472
1.67661
1.683
1.69219
1.70391
1.71894
1.73748
1.75801
1.77742
1.79238
1.80095
1.8037
1.80362
1.80457
1.80902
1.81659
1.82464
1.83024
1.83172
1.82866
1.82114
1.80942
1.7944
1.77767
1.76102
1.74559
1.73165
1.7191
1.70807
1.69922
1.69358
1.69207
1.69505
1.702
1.71172
1.72268
1.73317
1.74148
1.74615
1.74663
1.74386
1.74044
1.73987
1.74509
1.75733
1.77586
1.79845
1.82171
1.84167
1.85466
1.85829
1.85238
1.83897
1.8214
1.80297
1.78594
1.77143
1.75994
1.75162
1.74639
1.74394
1.74392
1.74617
1.75055
1.75696
1.76493
1.77361
1.78172
1.78765
1.78957
1.78574
1.77491
1.75689
1.73315
1.70741
1.68517
1.67162
1.6682
1.67094
1.67336
1.67135
1.66539
1.65844
1.65227
1.64607
1.63794
1.62687
1.61371
1.60135
1.59394
1.59484
1.60442
1.61968
1.63596
1.64934
1.65783
1.66124
1.66063
1.65797
1.65601
1.65783
1.66554
1.67945
1.69822
1.71998
1.7433
1.76704
1.79014
1.81156
1.83051
1.84656
1.85931
1.86815
1.87252
1.87257
1.86935
1.86435
1.85849
1.8513
1.84105
1.82567
1.80416
1.77722
1.74722
1.71751
1.69137
1.67094
1.6568
1.64828
1.64435
1.64469
1.65022
1.66227
1.68071
1.70295
1.72496
1.74362
1.7583
1.77093
1.78436
1.79994
1.81606
1.8289
1.83447
1.82982
1.81365
1.78604
1.74848
1.70361
1.65497
1.60672
1.56317
1.52805
1.50364
1.49036
1.4874
1.49378
1.50882
1.53195
1.56211
1.59745
1.63555
1.67349
1.70803
1.73577
1.75373
1.75996
1.75417
1.73816
1.71577
1.69224
1.67273
1.6606
1.65634
1.65796
1.66224
1.66614
1.66757
1.66565
1.66044
1.65265
1.64331
1.63399
1.62683
1.62386
1.62523
1.62778
1.62601
1.61537
1.59534
1.57032
1.54822
1.53699
1.54107
1.55952
1.58694
1.61632
1.642
1.66107
1.67303
1.6786
1.67887
1.67507
1.6688
1.66217
1.65756
1.65693
1.66072
1.66744
1.67395
1.67634
1.67139
1.65763
1.63592
1.60923
1.58182
1.55782
1.53989
1.52878
1.52462
1.5286
1.54345
1.57191
1.61412
1.66653
1.7227
1.77543
1.81874
1.84896
1.865
1.86844
1.86298
1.85351
1.84482
1.84055
1.84297
1.85307
1.87011
1.89144
1.91305
1.93081
1.94148
1.94305
1.93478
1.91728
1.89246
1.86332
1.83324
1.80524
1.7814
1.76258
1.74854
1.73796
1.72858
1.71773
1.70365
1.68698
1.67141
1.66235
1.66394
1.67686
1.6986
1.72526
1.75319
1.77939
1.80147
1.81753
1.82633
1.82779
1.82321
1.81486
1.80556
1.79861
1.79737
1.80334
1.81487
1.82875
1.84282
1.85663
1.87059
1.88478
1.89854
1.9104
1.91845
1.92067
1.91543
1.90192
1.88045
1.85263
1.82132
1.79023
1.76307
1.74257
1.72972
1.72403
1.7244
1.73023
1.74154
1.75815
1.77841
1.79886
1.81566
1.82654
1.83167
1.83322
1.83406
1.83633
1.84088
1.84727
1.85454
1.86196
1.86956
1.8779
1.88758
1.89843
1.9091
1.9171
1.91935
1.91315
1.89728
1.87277
1.84279
1.81174
1.78396
1.76258
1.74867
1.74082
1.73608
1.73154
1.72555
1.71737
1.70698
1.69582
1.68769
1.68754
1.69815
1.71767
1.74079
1.76156
1.77533
1.77919
1.77189
1.7537
1.72659
1.69443
1.66271
1.63711
1.62167
1.61744
1.62235
1.63229
1.64272
1.65039
1.65453
1.65735
1.66304
1.67573
1.69713
1.72568
1.75756
1.78849
1.81496
1.83478
1.84702
1.85147
1.84823
1.83759
1.82024
1.79737
1.77047
1.7412
1.71203
1.68731
1.6735
1.67673
1.69882
1.73516
1.77673
1.81437
1.84198
1.8571
1.85991
1.85187
1.83475
1.81028
1.78031
1.74751
1.71639
1.69336
1.6845
1.69163
1.71059
1.73383
1.75468
1.76965
1.77795
1.78007
1.77674
1.76857
1.75597
1.73927
1.71873
1.69453
1.66679
1.63587
1.60276
1.56921
1.53768
1.51089
1.49156
1.48228
1.48532
1.50258
1.53497
1.58122
1.63698
1.69552
1.74973
1.79399
1.82497
1.84134
1.84328
1.83227
1.8109
1.78265
1.75171
1.72238
1.69823
1.68143
1.67262
1.67132
1.67652
1.68698
1.70188
1.7209
1.74358
1.76799
1.79019
1.80529
1.80939
1.80136
1.78381
1.76267
1.74508
1.73643
1.73868
1.75031
1.76731
1.78434
1.79606
1.79843
1.78962
1.77041
1.74402
1.71586
1.69284
1.682
1.68817
1.71192
1.74939
1.7941
1.83904
1.87802
1.90617
1.92048
1.92024
1.90733
1.88622
1.86331
1.84548
1.83802
1.84283
1.85821
1.87989
1.90273
1.922
1.93397
1.93599
1.92665
1.90584
1.87483
1.83636
1.79423
1.75269
1.7157
1.68646
1.66756
1.66065
1.66589
1.68153
1.70424
1.73001
1.75503
1.77609
1.79095
1.79842
1.79855
1.79242
1.78192
1.76918
1.75611
1.74403
1.73366
1.72504
1.7177
1.71084
1.70384
1.69663
1.68963
1.68339
1.67824
1.67405
1.67
1.66473
1.65687
1.64592
1.63289
1.61957
1.60703
1.59491
1.58237
1.56971
1.55908
1.55395
1.55817
1.57506
1.60639
1.65093
1.70393
1.75855
1.80788
1.84664
1.87161
1.88159
1.87715
1.86046
1.83492
1.80479
1.77439
1.74723
1.72503
1.7077
1.69422
1.68371
1.67595
1.67083
1.66784
1.66667
1.66839
1.67514
1.68799
1.70596
1.72701
1.74906
1.76977
1.78611
1.79479
1.79349
1.78216
1.76376
1.74423
1.73117
1.73085
1.74468
1.76781
1.79169
1.80805
1.81124
1.79832
1.76887
1.72714
1.68624
1.66621
1.67821
1.71324
1.75388
1.78887
1.81426
1.82952
1.83521
1.83224
1.82172
1.80494
1.78329
1.75851
1.73274
1.70845
1.6882
1.67432
1.66879
1.6731
1.68788
1.71233
1.74357
1.77705
1.80783
1.83207
1.84788
1.85523
1.85544
1.85041
1.8419
1.83126
1.81928
1.80655
1.79372
1.7817
1.77173
1.76519
1.76315
1.76589
1.77233
1.77998
1.78543
1.78526
1.77682
1.75888
1.73199
1.69889
1.66453
1.63494
1.61488
1.60589
1.60636
1.6135
1.62495
1.63904
1.65422
1.66873
1.68102
1.69039
1.69712
1.70197
1.70565
1.7087
1.71157
1.71462
1.71777
1.72034
1.72139
1.72037
1.71788
1.71579
1.71653
1.72168
1.73088
1.74188
1.75163
1.7578
1.75955
1.75736
1.752
1.74393
1.73392
1.72401
1.7177
1.71841
1.7276
1.74356
1.76176
1.77648
1.78342
1.78153
1.77332
1.76317
1.75473
1.7492
1.74561
1.74245
1.73877
1.73445
1.72968
1.7244
1.71847
1.71206
1.70606
1.70215
1.70276
1.71034
1.72626
1.74961
1.77727
1.80519
1.83009
1.85042
1.86612
1.87744
1.88412
1.88541
1.88129
1.87371
1.8668
1.86477
1.86908
1.87776
1.88702
1.89358
1.89583
1.89402
1.88959
1.88393
1.87752
1.86982
1.8601
1.84809
1.83433
1.82025
1.80798
1.79941
1.79497
1.79295
1.79028
1.78426
1.77384
1.75998
1.74504
1.73177
1.72152
1.71301
1.7033
1.69005
1.67293
1.65306
1.63189
1.61115
1.5934
1.58236
1.58224
1.59556
1.62135
1.65513
1.69076
1.72243
1.74587
1.75866
1.76004
1.75077
1.73293
1.70932
1.68292
1.65671
1.63358
1.61616
1.6064
1.60524
1.61227
1.62565
1.64243
1.65938
1.67407
1.68549
1.69386
1.69976
1.70311
1.70295
1.69793
1.68725
1.67119
1.65106
1.62849
1.60456
1.57955
1.55327
1.52637
1.50172
1.48504
1.48357
1.50265
1.54242
1.59727
1.65827
1.71633
1.76396
1.79618
1.81105
1.80976
1.79599
1.7745
1.74975
1.72497
1.70235
1.68325
1.66851
1.65843
1.6526
1.64983
1.64838
1.6465
1.64327
1.63901
1.63513
1.63338
1.63548
1.64314
1.65799
1.6806
1.70934
1.74026
1.76839
1.78978
1.80278
1.80797
1.80744
1.80383
1.79948
1.79587
1.79348
1.7918
1.78984
1.78632
1.78004
1.76999
1.75551
1.73651
1.71386
1.6895
1.6663
1.64721
1.63407
1.6269
1.6239
1.62276
1.62212
1.62247
1.62616
1.63626
1.65491
1.68189
1.71424
1.74726
1.77604
1.79686
1.80753
1.80722
1.7959
1.77408
1.74294
1.70484
1.66381
1.62558
1.59682
1.58334
1.5878
1.6087
1.64156
1.68118
1.72298
1.76307
1.79838
1.82717
1.84929
1.86561
1.8771
1.88421
1.88647
1.88299
1.8731
1.8569
1.83546
1.81057
1.78426
1.7582
1.73344
1.71047
1.68954
1.67097
1.65556
1.64487
1.64096
1.64566
1.66011
1.68417
1.71568
1.75049
1.78364
1.81108
1.83063
1.8423
1.84787
1.84993
1.85079
1.85169
1.85293
1.85431
1.85549
1.85586
1.85452
1.8503
1.84198
1.82875
1.81076
1.78973
1.76913
1.75315
1.74483
1.74436
1.74958
1.75774
1.76718
1.7775
1.78884
1.8013
1.81467
1.82841
1.84187
1.85425
1.86471
1.87261
1.87793
1.88132
1.88369
1.88566
1.8871
1.88716
1.88476
1.87908
1.86967
1.85643
1.83952
1.81927
1.79642
1.77209
1.74759
1.72405
1.70231
1.68305
1.66728
1.65662
1.65317
1.65863
1.67301
1.69403
1.71792
1.74126
1.76264
1.78256
1.80146
1.81774
1.82827
1.83074
1.82529
1.81412
1.80001
1.78524
1.77122
1.75904
1.75043
1.74964
1.64548
1.6452
1.64844
1.65349
1.65837
1.66165
1.66315
1.66454
1.66861
1.67684
1.6876
1.69697
1.70175
1.70141
1.69798
1.6944
1.69277
1.69344
1.69561
1.69815
1.70017
1.70083
1.69924
1.69446
1.6859
1.6735
1.6578
1.64015
1.62291
1.60912
1.60179
1.60324
1.61471
1.63606
1.66489
1.69601
1.72304
1.74123
1.74942
1.75005
1.74776
1.74725
1.75113
1.7588
1.76716
1.77233
1.77135
1.76274
1.74653
1.72406
1.6977
1.67067
1.64644
1.62769
1.6155
1.60962
1.60943
1.61464
1.62493
1.63917
1.65498
1.66918
1.67891
1.68271
1.68097
1.67546
1.66826
1.66061
1.65272
1.64437
1.63567
1.62726
1.61971
1.61298
1.6065
1.59971
1.59268
1.58635
1.58228
1.58202
1.58632
1.59466
1.60562
1.61771
1.63024
1.64347
1.65788
1.67335
1.68882
1.70254
1.71248
1.71654
1.71256
1.69878
1.67477
1.64256
1.60746
1.57755
1.56129
1.56399
1.585
1.61807
1.6548
1.68853
1.71578
1.7353
1.74675
1.75016
1.74641
1.73768
1.72744
1.71961
1.71725
1.72163
1.73218
1.74695
1.76292
1.77621
1.78274
1.77951
1.76581
1.74355
1.71667
1.68968
1.66595
1.64667
1.631
1.61748
1.60529
1.5948
1.58724
1.58421
1.58688
1.59536
1.60849
1.62414
1.64021
1.6553
1.669
1.68164
1.69372
1.70547
1.71655
1.72618
1.73342
1.73767
1.73889
1.73783
1.73587
1.73457
1.73497
1.7369
1.73889
1.73913
1.7367
1.73206
1.72627
1.72004
1.71382
1.70855
1.70553
1.70554
1.70866
1.71452
1.7224
1.73103
1.73879
1.74418
1.74608
1.74369
1.73647
1.72429
1.70792
1.68945
1.67216
1.65955
1.65411
1.6564
1.66522
1.67831
1.69325
1.70798
1.7209
1.7308
1.73666
1.73802
1.7355
1.73076
1.72605
1.72317
1.72294
1.72518
1.72903
1.73294
1.73479
1.73223
1.72356
1.70861
1.68918
1.66892
1.65234
1.64301
1.64235
1.64991
1.66424
1.68335
1.70467
1.72553
1.7436
1.75697
1.76406
1.76394
1.75658
1.74318
1.72613
1.70876
1.69471
1.68694
1.6868
1.69331
1.70302
1.7107
1.71123
1.70172
1.6834
1.66229
1.6474
1.64603
1.65977
1.68497
1.71637
1.74963
1.7818
1.81089
1.83556
1.85485
1.868
1.87431
1.87321
1.86463
1.84953
1.83006
1.80914
1.78906
1.77045
1.75231
1.7334
1.71353
1.69383
1.67567
1.6597
1.64558
1.6328
1.62163
1.61352
1.61076
1.61541
1.62794
1.64667
1.66824
1.6887
1.70467
1.71411
1.71661
1.71308
1.70522
1.69481
1.68324
1.67141
1.65973
1.64836
1.63742
1.62723
1.61856
1.61263
1.61089
1.61454
1.62413
1.63927
1.65875
1.68084
1.7036
1.725
1.74305
1.75589
1.76205
1.76075
1.75284
1.74192
1.73449
1.73636
1.7475
1.76118
1.76915
1.7667
1.75361
1.73276
1.70837
1.68444
1.66349
1.64594
1.6301
1.61292
1.59114
1.56274
1.52838
1.49228
1.46179
1.44501
1.44681
1.46638
1.49828
1.53543
1.57186
1.60347
1.62795
1.64416
1.65192
1.65188
1.64564
1.63566
1.62485
1.61588
1.61098
1.61175
1.61833
1.62855
1.63871
1.64627
1.65185
1.65773
1.66443
1.6697
1.67068
1.66581
1.65507
1.63953
1.62105
1.60207
1.58508
1.57177
1.56216
1.55438
1.54559
1.53386
1.52015
