1.10243
1.10254
1.09972
1.09475
1.08892
1.08385
1.08146
1.08346
1.09033
1.10061
1.1109
1.1169
1.11504
1.1039
1.08528
1.0645
1.04931
1.04682
1.05963
1.08437
1.11418
1.14262
1.1658
1.18247
1.19306
1.19875
1.20097
1.20105
1.2001
1.19883
1.19743
1.19559
1.19265
1.18792
1.18097
1.17175
1.16058
1.14783
1.13378
1.11867
1.10307
1.08834
1.07667
1.07049
1.07131
1.07893
1.09147
1.10605
1.11972
1.1301
1.13593
1.13722
1.13514
1.13152
1.1282
1.12643
1.12659
1.12837
1.13098
1.13349
1.13484
1.13409
1.13048
1.12354
1.11331
1.10051
1.08652
1.07305
1.06165
1.05325
1.04812
1.04594
1.04616
1.04816
1.05134
1.05527
1.05969
1.06432
1.0686
1.07174
1.07313
1.07289
1.07204
1.07204
1.07411
1.07874
1.08583
1.095
1.10581
1.11761
1.12934
1.13936
1.14595
1.14793
1.14517
1.13856
1.1295
1.1194
1.10948
1.10059
1.09308
1.08684
1.08175
1.07808
1.07662
1.07809
1.08254
1.08901
1.09593
1.10186
1.10606
1.1084
1.10906
1.10796
1.10463
1.09836
1.08897
1.07745
1.06596
1.05693
1.05188
1.05082
1.05272
1.05626
1.06034
1.06423
1.06758
1.07024
1.07203
1.07255
1.07122
1.06744
1.06101
1.05246
1.0432
1.0354
1.03139
1.03281
1.04004
1.05213
1.0673
1.08346
1.09867
1.1114
1.12072
1.12638
1.12874
1.12871
1.12751
1.12629
1.12559
1.12507
1.12348
1.11935
1.11165
1.10036
1.08668
1.07267
1.06052
1.05158
1.04578
1.0418
1.03813
1.03394
1.02943
1.02525
1.02188
1.01939
1.0178
1.01762
1.01984
1.02513
1.03314
1.04222
1.04994
1.05403
1.05318
1.04744
1.03775
1.02514
1.01002
0.992334
0.972454
0.952031
0.934287
0.923329
0.922435
0.932353
0.95116
0.975431
1.00165
1.02699
1.04954
1.06818
1.08251
1.0928
1.09994
1.10526
1.11018
1.11567
1.12189
1.12819
1.13352
1.13678
1.13723
1.13454
1.12868
1.11967
1.1075
1.09229
1.07461
1.0558
1.03813
1.02444
1.01701
1.0164
1.021
1.02779
1.03372
1.03671
1.03606
1.03238
1.02725
1.02276
1.02088
1.02296
1.02952
1.04022
1.0541
1.0698
1.08577
1.10046
1.11264
1.12186
1.12863
1.13406
1.13924
1.14464
1.15014
1.15532
1.15953
1.16202
1.16209
1.15937
1.15405
1.14688
1.13895
1.13132
1.1247
1.1193
1.11465
1.10971
1.10321
1.09423
1.08273
1.06972
1.05692
1.04614
1.03857
1.03428
1.03254
1.03251
1.03379
1.03649
1.04089
1.04701
1.05444
1.06235
1.06969
1.07547
1.07897
1.07976
1.07762
1.07248
1.06475
1.05592
1.04842
1.04484
1.04669
1.0536
1.06337
1.07276
1.07839
1.07759
1.06936
1.05497
1.03785
1.02243
1.01253
1.01004
1.0147
1.02477
1.03784
1.05148
1.06371
1.07318
1.07939
1.0825
1.08313
1.08201
1.07969
1.07641
1.07209
1.06656
1.05965
1.05139
1.04204
1.03236
1.02354
1.01699
1.01391
1.01496
1.02026
1.02943
1.04175
1.05605
1.07093
1.0851
1.0979
1.1095
1.12057
1.13147
1.14158
1.14936
1.15302
1.15135
1.14434
1.1331
1.11963
1.10629
1.09532
1.08826
1.08571
1.08708
1.09078
1.09477
1.09716
1.09696
1.09431
1.09035
1.08667
1.08447
1.08418
1.0854
1.08735
1.08926
1.09066
1.09145
1.09199
1.09308
1.09575
1.1009
1.10909
1.12042
1.13451
1.15073
1.16807
1.18531
1.20108
1.21435
1.22501
1.23373
1.24103
1.2463
1.24797
1.24474
1.23633
1.22354
1.20759
1.1896
1.17046
1.15087
1.13163
1.1137
1.0982
1.08639
1.07959
1.07887
1.08468
1.09644
1.11244
1.13008
1.14634
1.15842
1.16432
1.16335
1.15621
1.14483
1.13196
1.12054
1.11288
1.10977
1.11022
1.11229
1.11405
1.1142
1.11238
1.10905
1.10571
1.10477
1.10874
1.11793
1.12868
1.13544
1.13455
1.12563
1.11053
1.09196
1.07255
1.05472
1.04049
1.03141
1.02822
1.03055
1.03698
1.04573
1.05529
1.06495
1.07468
1.08462
1.09458
1.10391
1.11168
1.11715
1.12015
1.12128
1.12179
1.12308
1.12589
1.12983
1.13349
1.13512
1.13346
1.12833
1.12061
1.11178
1.10327
1.09598
1.09021
1.08608
1.08391
1.08426
1.08768
1.09422
1.10299
1.11208
1.11936
1.12347
1.12433
1.12307
1.12123
1.12019
1.12052
1.1219
1.12328
1.1233
1.12107
1.11689
1.11243
1.11033
1.11314
1.12211
1.13634
1.15292
1.168
1.17818
1.18145
1.17768
1.16846
1.15656
1.14514
1.13661
1.13178
1.12977
1.12866
1.12682
1.12366
1.1195
1.11507
1.11107
1.10817
1.10702
1.10824
1.11224
1.11891
1.12741
1.13631
1.14391
1.14872
1.14983
1.14732
1.14225
1.13653
1.13236
1.13114
1.1325
1.13419
1.13321
1.12733
1.11585
1.09942
1.07945
1.05772
1.0363
1.01757
1.00397
0.997889
1.00128
1.01494
1.03754
1.06567
1.09517
1.12253
1.14554
1.16334
1.17618
1.18491
1.19055
1.19395
1.19568
1.19596
1.19468
1.19141
1.18563
1.17699
1.16561
1.15221
1.13805
1.12476
1.11386
1.10601
1.10055
1.09616
1.09187
1.08746
1.0831
1.07892
1.07504
1.07185
1.07031
1.07178
1.07743
1.08724
1.09978
1.11284
1.12436
1.13308
1.1386
1.14106
1.14081
1.13803
1.13268
1.12468
1.11428
1.10248
1.09089
1.08135
1.0752
1.07261
1.07265
1.07381
1.07468
1.07444
1.07298
1.07069
1.06825
1.06646
1.06608
1.06768
1.07136
1.07677
1.08335
1.09053
1.09781
1.10444
1.10943
1.11164
1.11017
1.10459
1.09507
1.08242
1.06802
1.0536
1.04076
1.03049
1.0229
1.01733
1.01271
1.00794
1.00218
0.994976
0.986525
0.977827
0.970631
0.96698
0.968506
0.975756
0.987917
1.00308
1.01892
1.03345
1.04554
1.05499
1.06227
1.06815
1.07355
1.07943
1.0866
1.09548
1.10577
1.11637
1.12551
1.13124
1.13204
1.12746
1.1187
1.1083
1.09887
1.09142
1.0849
1.07741
1.06774
1.05603
1.04359
1.0322
1.02336
1.01797
1.01664
1.02017
1.02912
1.04262
1.05802
1.07207
1.08272
1.08985
1.09455
1.09765
1.09907
1.09836
1.09562
1.09208
1.08983
1.09095
1.09643
1.10536
1.1152
1.12313
1.12733
1.12734
1.12395
1.11863
1.11309
1.10904
1.10789
1.11062
1.11744
1.12769
1.13985
1.1519
1.16187
1.16825
1.17019
1.16752
1.16054
1.14992
1.13649
1.12116
1.10514
1.09007
1.07797
1.07085
1.06987
1.07491
1.08448
1.0963
1.10785
1.11696
1.12202
1.12198
1.11638
1.10565
1.09143
1.07676
1.06508
1.05875
1.05806
1.06178
1.06809
1.07506
1.0811
1.08538
1.08821
1.09121
1.09667
1.10586
1.11764
1.12891
1.13698
1.14112
1.14245
1.14269
1.14288
1.1429
1.14201
1.13975
1.13631
1.13252
1.12939
1.12778
1.12807
1.12992
1.13245
1.13454
1.13512
1.13333
1.12859
1.12055
1.10937
1.09591
1.08208
1.07066
1.06459
1.06581
1.07437
1.08814
1.10346
1.11637
1.12421
1.12647
1.12479
1.122
1.12066
1.12185
1.12489
1.12794
1.12908
1.12696
1.12115
1.11204
1.10069
1.08871
1.07828
1.07192
1.07178
1.07871
1.09172
1.10845
1.12606
1.14211
1.15499
1.16387
1.16872
1.17007
1.16894
1.16652
1.16406
1.16241
1.16154
1.16027
1.15669
1.1494
1.13853
1.12563
1.11224
1.099
1.08637
1.07571
1.06902
1.06817
1.07417
1.08664
1.10363
1.12196
1.13824
1.14982
1.1552
1.15387
1.14622
1.13368
1.11894
1.10546
1.09592
1.09096
1.08938
1.08959
1.09086
1.0934
1.09758
1.10322
1.10942
1.1149
1.11862
1.1201
1.11946
1.11695
1.11253
1.1057
1.09582
1.0826
1.0666
1.0493
1.03287
1.01948
1.01052
1.00609
1.00532
1.0071
1.01079
1.01643
1.02448
1.03514
1.04756
1.05978
1.06941
1.07482
1.07587
1.07383
1.0705
1.06719
1.06426
1.06153
1.05881
1.05618
1.05376
1.05149
1.04909
1.04646
1.04414
1.04321
1.0446
1.04827
1.05312
1.05758
1.06037
1.06094
1.05948
1.0569
1.05474
1.05457
1.05707
1.06151
1.06611
1.06911
1.0695
1.0673
1.0635
1.05961
1.05711
1.05672
1.05825
1.06102
1.06444
1.06811
1.07154
1.07402
1.07467
1.07274
1.06792
1.06044
1.051
1.04075
1.03117
1.02422
1.02215
1.02711
1.04026
1.06069
1.08523
1.10922
1.12807
1.13846
1.13895
1.13001
1.11381
1.0938
1.07399
1.05804
1.04824
1.04477
1.04557
1.04737
1.04712
1.04308
1.03501
1.02408
1.01278
1.00455
1.00305
1.01075
1.02757
1.05084
1.07644
1.10015
1.11852
1.12917
1.13106
1.12459
1.11148
1.09442
1.07664
1.06141
1.05117
1.04641
1.04504
1.04349
1.03854
1.02868
1.0149
1.0012
0.994039
0.998906
1.0162
1.04141
1.06886
1.09413
1.114
1.1259
1.12829
1.12207
1.11231
1.10748
1.11323
1.12663
1.13948
1.14551
1.14294
1.13343
1.12068
1.10879
1.10019
1.09524
1.09346
1.09438
1.097
1.09954
1.10027
1.09842
1.09448
1.08989
1.08655
1.08617
1.08969
1.09655
1.10446
1.10994
1.10993
1.10312
1.09038
1.07439
1.05881
1.04739
1.04313
1.04716
1.0584
1.07414
1.09144
1.10811
1.12293
1.13546
1.14591
1.15506
1.16388
1.17296
1.18212
1.19051
1.19704
1.20087
1.20162
1.19943
1.19477
1.18826
1.18046
1.17193
1.16366
1.15768
1.15673
1.16249
1.17364
1.18605
1.1952
1.19818
1.19414
1.18383
1.16914
1.15254
1.13647
1.12251
1.111
1.10138
1.09306
1.08595
1.08032
1.07639
1.07389
1.07204
1.06979
1.06614
1.06023
1.05134
1.04035
1.03894
1.08341
1.06215
1.03883
1.01604
0.996581
0.983036
0.977517
0.981511
0.995465
1.01825
1.04681
1.0767
1.10329
1.12326
1.1356
1.14167
1.144
1.14473
1.14451
1.14298
1.1399
1.13582
1.13186
1.12913
1.12818
1.12882
1.13032
1.13181
1.13276
1.13329
1.13422
1.13669
1.14159
1.14909
1.15852
1.16858
1.17762
1.18406
1.18665
1.18454
1.17729
1.16483
1.14758
1.12678
1.10469
1.08427
1.06844
1.05908
1.05661
1.06027
1.06886
1.08134
1.09698
1.11523
1.13541
1.15643
1.17678
1.19497
1.20989
1.22089
1.22775
1.23062
1.22977
1.22527
1.21696
1.20457
1.18818
1.16859
1.14745
1.12691
1.10893
1.09486
1.08513
1.07952
1.0774
1.07792
1.08015
1.0833
1.08681
1.09056
1.09461
1.09907
1.10385
1.10875
1.11365
1.11878
1.12488
1.13303
1.14411
1.15814
1.17422
1.19105
1.2074
1.22227
1.23475
1.24409
1.24967
1.25108
1.24818
1.2412
1.23073
1.21752
1.20244
1.18626
1.16971
1.15379
1.13998
1.13027
1.12649
1.12919
1.13687
1.14642
1.15464
1.16
1.16314
1.16535
1.16657
1.16499
1.15845
1.14644
1.13181
1.12056
1.11792
1.12348
1.13209
1.13907
1.14279
1.14375
1.14299
1.14131
1.13915
1.13665
1.13372
1.13017
1.12611
1.12234
1.12022
1.12132
1.12663
1.13613
1.1488
1.16304
1.1772
1.18993
1.20025
1.20745
1.21107
1.2109
1.20701
1.19956
1.18839
1.17313
1.15377
1.13154
1.10905
1.08998
1.07829
1.07734
1.08885
1.11207
1.14352
1.17766
1.20854
1.23151
1.24436
1.24751
1.24352
1.23581
1.22723
1.21925
1.212
1.20497
1.19741
1.18839
1.17706
1.16286
1.14586
1.12671
1.1064
1.08592
1.06637
1.0492
1.03626
1.02932
1.02925
1.03544
1.046
1.05856
1.07127
1.08346
1.09567
1.10907
1.12467
1.14275
1.16252
1.18225
1.19967
1.2127
1.21987
1.22031
1.21359
1.19961
1.17889
1.15296
1.12473
1.09858
1.07948
1.07092
1.07282
1.08134
1.09107
1.09796
1.10069
1.10041
1.09955
1.10058
1.1053
1.11452
1.1281
1.14497
1.16339
1.18121
1.19633
1.2071
1.21253
1.21234
1.20671
1.19604
1.18073
1.16113
1.13775
1.11175
1.08571
1.06377
1.05014
1.0466
1.05126
1.06033
1.07054
1.08025
1.08914
1.09751
1.10586
1.1149
1.12542
1.13804
1.15266
1.16809
1.18219
1.19248
1.19707
1.19527
1.18787
1.17696
1.16516
1.15477
1.14711
1.14261
1.14132
1.1432
1.14794
1.15466
1.16191
1.16809
1.17195
1.17293
1.17126
1.16762
1.1629
1.15785
1.15301
1.14878
1.1457
1.14454
1.14613
1.15087
1.15822
1.1667
1.1743
1.17904
1.17951
1.1752
1.16681
1.15613
1.14558
1.1373
1.13226
1.13012
1.12986
1.13072
1.13282
1.13679
1.143
1.15056
1.15708
1.1594
1.15514
1.14401
1.12812
1.11121
1.09753
1.09065
1.09193
1.10007
1.11211
1.12472
1.13502
1.14098
1.1417
1.13718
1.12805
1.11548
1.1012
1.08755
1.07695
1.07128
1.07112
1.07567
1.0831
1.09123
1.09811
1.10243
1.10371
1.10243
1.09967
1.09649
1.09318
1.08926
1.08395
1.07686
1.06829
1.05935
1.05174
1.0473
1.0472
1.05132
1.05841
1.06688
1.07554
1.08386
1.09181
1.09962
1.10744
1.11527
1.12293
1.1301
1.1363
1.14077
1.14257
1.14098
1.13586
1.1277
1.1173
1.10545
1.093
1.08151
1.07342
1.07094
1.07422
1.08117
1.0892
1.09695
1.10456
1.11285
1.1224
1.13268
1.14194
1.14774
1.14791
1.14138
1.1288
1.11286
1.09775
1.08758
1.08471
1.08936
1.10028
1.11529
1.1314
1.14541
1.15475
1.15808
1.15535
1.14742
1.13576
1.12216
1.10865
1.09726
1.08987
1.08791
1.09227
1.10295
1.1188
1.13779
1.1576
1.1761
1.19161
1.20298
1.20963
1.2114
1.20848
1.20132
1.19077
1.17827
1.16588
1.15594
1.15036
1.15005
1.1549
1.16406
1.17603
1.18871
1.1996
1.20622
1.20668
1.19995
1.18598
1.16563
1.14032
1.1116
1.08099
1.0501
1.02106
0.996618
0.979629
0.972062
0.974345
0.985413
1.00327
1.02553
1.04973
1.07341
1.09432
1.11108
1.12351
1.13242
1.13888
1.14352
1.14627
1.14667
1.14421
1.13877
1.13093
1.12213
1.11459
1.11074
1.11234
1.1197
1.13171
1.1463
1.16107
1.17393
1.18363
1.18997
1.1936
1.19545
1.19582
1.19397
1.18826
1.17688
1.15875
1.1342
1.10547
1.07672
1.05323
1.03967
1.03842
1.04894
1.06852
1.09342
1.11955
1.14306
1.1608
1.17079
1.17253
1.16701
1.15636
1.14338
1.13085
1.12097
1.11491
1.11236
1.1111
1.10724
1.09698
1.07943
1.05852
1.04186
1.03611
1.04286
1.05887
1.07925
1.10033
1.12034
1.13884
1.15598
1.17209
1.18741
1.20194
1.2153
1.22651
1.23423
1.2371
1.23432
1.22629
1.21473
1.20189
1.1895
1.17839
1.16938
1.16405
1.16426
1.17057
1.18131
1.19307
1.20229
1.20659
1.20529
1.19931
1.19056
1.18109
1.17255
1.16598
1.16186
1.16031
1.16097
1.16312
1.16584
1.1682
1.16935
1.16863
1.16575
1.16099
1.15537
1.15029
1.14683
1.14519
1.14485
1.14557
1.14824
1.15459
1.16595
1.18194
1.19999
1.21633
1.22748
1.23135
1.22735
1.21623
1.19961
1.17983
1.15983
1.14305
1.13248
1.12915
1.13136
1.13576
1.13916
1.13976
1.13718
1.13193
1.12487
1.11698
1.10955
1.1044
1.10364
1.10858
1.11897
1.13327
1.14954
1.16621
1.1822
1.19689
1.20987
1.22077
1.22922
1.23478
1.23697
1.23541
1.23002
1.22132
1.21039
1.19868
1.18756
1.17803
1.17062
1.16547
1.16255
1.16192
1.16404
1.16974
1.17993
1.19488
1.21337
1.23259
1.24894
1.25932
1.26208
1.25718
1.24569
1.22892
1.20791
1.18321
1.15525
1.12486
1.09375
1.06454
1.04024
1.0234
1.01546
1.01669
1.02634
1.04284
1.06384
1.08617
1.10621
1.12059
1.12713
1.12546
1.11723
1.10561
1.09437
1.08664
1.08398
1.08616
1.09161
1.0983
1.10438
1.10851
1.10988
1.1083
1.10415
1.0985
1.09306
1.08992
1.09089
1.09687
1.10762
1.12203
1.13838
1.15452
1.16799
1.17635
1.17765
1.17077
1.15573
1.13384
1.10785
1.08164
1.05921
1.04319
1.0342
1.03149
1.03393
1.04027
1.04888
1.05761
1.06411
1.06646
1.06361
1.05577
1.0443
1.03123
1.01857
1.00791
1.00052
0.997613
1.00026
1.0089
1.02262
1.03908
1.05533
1.06884
1.07815
1.08295
1.08422
1.0849
1.08999
1.10411
1.12687
1.15235
1.17426
1.19036
1.20214
1.21169
1.21949
1.2245
1.22562
1.22245
1.21521
1.20443
1.19079
1.17518
1.1587
1.14264
1.12833
1.11689
1.10904
1.10495
1.10433
1.10655
1.11069
1.11569
1.12046
1.12419
1.12647
1.12738
1.12733
1.12689
1.12671
1.12742
1.12967
1.13409
1.14104
1.15
1.15921
1.16599
1.16775
1.16295
1.15174
1.13588
1.11802
1.10068
1.08526
1.07195
1.06061
1.05201
1.04822
1.05159
1.06306
1.08105
1.1022
1.12313
1.14169
1.15693
1.16853
1.17628
1.18003
1.18
1.177
1.17229
1.16732
1.16327
1.16072
1.15926
1.15764
1.15416
1.14731
1.13628
1.12137
1.10388
1.08582
1.06935
1.05646
1.0486
1.04637
1.04931
1.05624
1.06601
1.07802
1.09224
1.10876
1.1271
1.14612
1.16414
1.17958
1.19135
1.19891
1.20225
1.20177
1.19841
1.19366
1.18937
1.18723
1.18807
1.19154
1.19639
1.20108
1.20449
1.2062
1.20646
1.20599
1.20565
1.20616
1.20782
1.21041
1.21318
1.21498
1.21447
1.21045
1.20208
1.18909
1.17189
1.15176
1.13103
1.11331
1.10306
1.10372
1.11525
1.1334
1.15223
1.16712
1.17607
1.17943
1.17897
1.17706
1.17576
1.17629
1.17877
1.18249
1.18657
1.19048
1.19412
1.19732
1.19935
1.19893
1.19484
1.18647
1.17405
1.15856
1.1416
1.12518
1.11155
1.10262
1.09935
1.10143
1.10755
1.11601
1.12543
1.13493
1.14406
1.15237
1.15929
1.16414
1.1665
1.16623
1.16335
1.15793
1.15036
1.14197
1.13549
1.13432
1.14061
1.15361
1.16951
1.18304
1.18952
1.1864
1.17427
1.15677
1.13856
1.12173
1.10468
1.08482
1.06186
1.03876
1.02057
1.0123
1.01691
1.03407
1.06085
1.09335
1.12769
1.16045
1.18879
1.21059
1.22455
1.23019
1.22782
1.21844
1.20376
1.18606
1.16808
1.15251
1.14118
1.13432
1.13065
1.12831
1.12601
1.1236
1.12197
1.12245
1.12608
1.13311
1.14289
1.15406
1.16484
1.17339
1.17803
1.17756
1.17152
1.16048
1.14607
1.13046
1.11513
1.09996
1.08361
1.06531
1.04656
1.03087
1.02097
1.01604
1.01256
1.0075
1.00037
0.992988
0.988146
0.988238
0.994397
1.00653
1.02377
1.04492
1.06851
1.09279
1.11576
1.1353
1.1495
1.15701
1.15753
1.15215
1.14327
1.13417
1.12792
1.12606
1.12802
1.13186
1.13573
1.13888
1.14162
1.14464
1.14834
1.15279
1.1579
1.1636
1.1696
1.17525
1.17967
1.18192
1.1812
1.17678
1.16819
1.15571
1.14095
1.12667
1.11581
1.11018
1.11007
1.11481
1.12362
1.13571
1.1501
1.16563
1.18137
1.19688
1.21199
1.22609
1.23791
1.24588
1.24877
1.24611
1.23849
1.22749
1.21541
1.20466
1.19704
1.19315
1.19219
1.19246
1.19198
1.18925
1.1837
1.17581
1.16699
1.159
1.15339
1.15098
1.1517
1.15484
1.15923
1.16358
1.16682
1.16849
1.1688
1.1682
1.16676
1.16365
1.15726
1.14591
1.12888
1.10759
1.08621
1.07057
1.06508
1.06984
1.08091
1.09306
1.10203
1.10539
1.10222
1.09388
1.09266
1.08515
1.06648
1.04766
1.03214
1.02267
1.02063
1.02604
1.03821
1.05629
1.07931
1.1057
1.1331
1.15855
1.17934
1.1937
1.20134
1.2034
1.20199
1.19922
1.19638
1.19396
1.19232
1.19218
1.19457
1.20051
1.21062
1.22474
1.24156
1.25864
1.27284
1.28128
1.2822
1.2754
1.26202
1.24364
1.22155
1.19692
1.17155
1.14806
1.12918
1.11684
1.11154
1.11249
1.11806
1.12624
1.13491
1.14207
1.146
1.14573
1.14132
1.13394
1.12573
1.11926
1.11648
1.11774
1.122
1.12813
1.13594
1.14596
1.15832
1.172
1.18494
1.19492
1.20063
1.20246
1.20241
1.20304
1.20601
1.21106
1.21642
1.22016
1.22115
1.21911
1.21409
1.20628
1.19627
1.18512
1.17401
1.16373
1.15443
1.14607
1.13871
1.13281
1.12905
1.12805
1.13003
1.13466
1.14115
1.14846
1.15545
1.16098
1.1641
1.16442
1.16257
1.16029
1.15991
1.16339
1.17155
1.1839
1.19896
1.21447
1.22778
1.23644
1.23886
1.23492
1.22598
1.21427
1.20198
1.19063
1.18095
1.17329
1.16775
1.16426
1.16263
1.16262
1.16411
1.16704
1.1713
1.17662
1.18241
1.18782
1.19177
1.19305
1.19049
1.18327
1.17126
1.15543
1.13827
1.12345
1.11441
1.11214
1.11396
1.11557
1.11424
1.11026
1.10563
1.10151
1.09738
1.09196
1.08458
1.07581
1.06757
1.06263
1.06322
1.06961
1.07979
1.09064
1.09956
1.10522
1.10749
1.10709
1.10531
1.10401
1.10522
1.11036
1.11963
1.13214
1.14665
1.1622
1.17803
1.19343
1.20771
1.22034
1.23104
1.23954
1.24543
1.24835
1.24838
1.24623
1.2429
1.239
1.2342
1.22736
1.21712
1.20277
1.18481
1.16481
1.14501
1.12758
1.11396
1.10453
1.09885
1.09623
1.09646
1.10015
1.10818
1.12047
1.1353
1.14997
1.16241
1.1722
1.18062
1.18958
1.19996
1.2107
1.21927
1.22298
1.21988
1.2091
1.1907
1.16566
1.13574
1.10331
1.07115
1.04211
1.0187
1.00242
0.993573
0.991603
0.995851
1.00588
1.0213
1.04141
1.06497
1.09036
1.11566
1.13868
1.15718
1.16915
1.17331
1.16944
1.15877
1.14384
1.12816
1.11516
1.10706
1.10423
1.10531
1.10816
1.11076
1.11171
1.11043
1.10696
1.10176
1.09554
1.08933
1.08455
1.08257
1.08349
1.08519
1.08401
1.07692
1.06356
1.04688
1.03215
1.02466
1.02738
1.03968
1.05796
1.07754
1.09467
1.10738
1.11535
1.11907
1.11925
1.11671
1.11253
1.10811
1.10504
1.10462
1.10714
1.11163
1.11596
1.11756
1.11426
1.10508
1.09061
1.07282
1.05454
1.03854
1.02659
1.01919
1.01641
1.01907
1.02897
1.04794
1.07608
1.11102
1.14847
1.18362
1.21249
1.23264
1.24334
1.24563
1.24198
1.23568
1.22988
1.22703
1.22865
1.23538
1.24674
1.26096
1.27536
1.28721
1.29432
1.29537
1.28986
1.27819
1.26164
1.24221
1.22216
1.2035
1.1876
1.17505
1.16569
1.15864
1.15239
1.14515
1.13577
1.12466
1.11427
1.10823
1.10929
1.11791
1.1324
1.15018
1.1688
1.18626
1.20098
1.21169
1.21756
1.21853
1.21547
1.20991
1.20371
1.19907
1.19824
1.20223
1.20991
1.21916
1.22854
1.23776
1.24706
1.25652
1.26569
1.2736
1.27897
1.28045
1.27695
1.26794
1.25363
1.23509
1.21421
1.19349
1.17538
1.16171
1.15315
1.14935
1.1496
1.15349
1.16102
1.1721
1.18561
1.19924
1.21044
1.2177
1.22111
1.22215
1.2227
1.22422
1.22725
1.23151
1.23636
1.24131
1.24637
1.25194
1.25839
1.26562
1.27273
1.27806
1.27956
1.27543
1.26486
1.24851
1.22853
1.20783
1.18931
1.17506
1.16578
1.16055
1.15739
1.15436
1.15037
1.14491
1.13799
1.13055
1.12513
1.12503
1.1321
1.14511
1.16053
1.17437
1.18355
1.18613
1.18126
1.16913
1.15106
1.12962
1.10847
1.09141
1.08111
1.07829
1.08157
1.08819
1.09515
1.10026
1.10302
1.1049
1.10869
1.11716
1.13142
1.15045
1.17171
1.19232
1.20997
1.22319
1.23135
1.23431
1.23215
1.22506
1.21349
1.19825
1.18031
1.1608
1.14135
1.12487
1.11567
1.11782
1.13255
1.15678
1.18448
1.20958
1.22799
1.23807
1.23994
1.23458
1.22317
1.20685
1.18687
1.165
1.14426
1.12891
1.123
1.12776
1.1404
1.15589
1.16979
1.17977
1.1853
1.18671
1.1845
1.17904
1.17065
1.15951
1.14582
1.12968
1.11119
1.09058
1.06851
1.04614
1.02512
1.00726
0.994375
0.988189
0.990215
1.00172
1.02331
1.05414
1.09132
1.13035
1.16648
1.19599
1.21665
1.22756
1.22885
1.22152
1.20727
1.18843
1.16781
1.14825
1.13215
1.12096
1.11508
1.11422
1.11768
1.12466
1.13458
1.14727
1.16239
1.17866
1.19346
1.20352
1.20626
1.20091
1.18921
1.17512
1.16338
1.15762
1.15912
1.16687
1.17821
1.18956
1.19738
1.19895
1.19308
1.18027
1.16268
1.14391
1.12856
1.12133
1.12545
1.14128
1.16626
1.19607
1.22603
1.25201
1.27078
1.28032
1.28016
1.27156
1.25748
1.24221
1.23032
1.22535
1.22856
1.23881
1.25326
1.26849
1.28133
1.28931
1.29066
1.28444
1.27056
1.24989
1.22424
1.19615
1.16846
1.1438
1.12431
1.11171
1.1071
1.11059
1.12102
1.13616
1.15334
1.17002
1.18406
1.19397
1.19895
1.19903
1.19495
1.18795
1.17946
1.17074
1.16269
1.15577
1.15003
1.14513
1.14056
1.13589
1.13109
1.12642
1.12226
1.11883
1.11603
1.11333
1.10982
1.10458
1.09728
1.08859
1.07971
1.07136
1.06328
1.05491
1.04647
1.03939
1.03597
1.03878
1.05004
1.07093
1.10062
1.13596
1.17236
1.20525
1.2311
1.24774
1.25439
1.25143
1.2403
1.22328
1.20319
1.18293
1.16482
1.15002
1.13847
1.12948
1.12248
1.1173
1.11389
1.1119
1.11112
1.11226
1.11676
1.12532
1.13731
1.15134
1.16604
1.17985
1.19074
1.19653
1.19566
1.1881
1.17584
1.16282
1.15411
1.1539
1.16312
1.17854
1.19446
1.20537
1.20749
1.19888
1.17925
1.15143
1.12416
1.11081
1.11881
1.14216
1.16925
1.19258
1.20951
1.21968
1.22347
1.22149
1.21448
1.20329
1.18886
1.17234
1.15516
1.13897
1.12546
1.11621
1.11253
1.1154
1.12526
1.14155
1.16238
1.1847
1.20522
1.22138
1.23192
1.23682
1.23696
1.23361
1.22793
1.22084
1.21285
1.20437
1.19581
1.1878
1.18115
1.17679
1.17543
1.17726
1.18155
1.18665
1.19029
1.19017
1.18455
1.17259
1.15466
1.13259
1.10968
1.08996
1.07659
1.07059
1.07091
1.07567
1.0833
1.09269
1.10281
1.11249
1.12068
1.12692
1.13141
1.13465
1.1371
1.13913
1.14105
1.14308
1.14518
1.14689
1.14759
1.14691
1.14525
1.14386
1.14435
1.14778
1.15392
1.16125
1.16776
1.17187
1.17303
1.17157
1.168
1.16262
1.15594
1.14934
1.14513
1.14561
1.15173
1.16237
1.17451
1.18432
1.18895
1.18768
1.18221
1.17545
1.16982
1.16613
1.16374
1.16163
1.15918
1.1563
1.15312
1.1496
1.14565
1.14137
1.13737
1.13476
1.13517
1.14023
1.15084
1.16641
1.18485
1.20346
1.22006
1.23362
1.24408
1.25162
1.25608
1.25694
1.25419
1.24914
1.24454
1.24318
1.24605
1.25184
1.25801
1.26239
1.26388
1.26268
1.25973
1.25595
1.25168
1.24655
1.24007
1.23206
1.22289
1.2135
1.20532
1.1996
1.19665
1.1953
1.19352
1.18951
1.18256
1.17332
1.16336
1.15451
1.14768
1.14201
1.13553
1.1267
1.11529
1.10204
1.08792
1.0741
1.06226
1.05491
1.05482
1.06371
1.0809
1.10342
1.12717
1.14828
1.16391
1.17244
1.17336
1.16718
1.15529
1.13955
1.12195
1.10447
1.08906
1.07744
1.07094
1.07016
1.07484
1.08377
1.09495
1.10625
1.11605
1.12366
1.12924
1.13317
1.13541
1.1353
1.13195
1.12484
1.11413
1.10071
1.08566
1.06971
1.05303
1.03552
1.01758
1.00114
0.990026
0.989045
1.00177
1.02828
1.06485
1.10551
1.14422
1.17597
1.19745
1.20737
1.20651
1.19732
1.183
1.1665
1.14998
1.1349
1.12216
1.11234
1.10562
1.10173
1.09989
1.09892
1.09767
1.09551
1.09267
1.09009
1.08892
1.09032
1.09543
1.10532
1.1204
1.13956
1.16018
1.17893
1.19319
1.20185
1.20532
1.20496
1.20256
1.19965
1.19725
1.19565
1.19453
1.19323
1.19088
1.18669
1.18
1.17034
1.15768
1.14257
1.12633
1.11087
1.09814
1.08938
1.0846
1.0826
1.08184
1.08141
1.08165
1.08411
1.09084
1.10327
1.12126
1.14283
1.16484
1.18403
1.19791
1.20502
1.20481
1.19727
1.18272
1.16196
1.13656
1.10921
1.08372
1.06455
1.05556
1.05854
1.07247
1.09438
1.12079
1.14865
1.17538
1.19892
1.21811
1.23286
1.24374
1.2514
1.25614
1.25765
1.25533
1.24873
1.23793
1.22364
1.20705
1.18951
1.17214
1.15563
1.14032
1.12636
1.11398
1.1037
1.09658
1.09397
1.0971
1.10674
1.12278
1.14379
1.16699
1.1891
1.20739
1.22042
1.2282
1.23191
1.23329
1.23386
1.23446
1.23529
1.23621
1.23699
1.23724
1.23634
1.23353
1.22799
1.21917
1.20717
1.19315
1.17942
1.16877
1.16322
1.16291
1.16638
1.17183
1.17812
1.185
1.19256
1.20087
1.20978
1.21894
1.22791
1.23617
1.24314
1.24841
1.25196
1.25421
1.25579
1.25711
1.25807
1.25811
1.25651
1.25272
1.24645
1.23762
1.22635
1.21285
1.19761
1.18139
1.16506
1.14937
1.13487
1.12204
1.11152
1.10441
1.10212
1.10576
1.11534
1.12935
1.14528
1.16084
1.1751
1.18837
1.20098
1.21183
1.21885
1.2205
1.21686
1.20941
1.20001
1.19016
1.18081
1.17269
1.16695
1.16642
1.09698
1.0968
1.09896
1.10232
1.10558
1.10776
1.10876
1.10969
1.11241
1.11789
1.12507
1.13132
1.1345
1.13427
1.13198
1.1296
1.12851
1.12896
1.13041
1.1321
1.13344
1.13389
1.13283
1.12964
1.12394
1.11567
1.1052
1.09343
1.08194
1.07274
1.06786
1.06883
1.07647
1.09071
1.10992
1.13067
1.14869
1.16082
1.16628
1.1667
1.16518
1.16484
1.16742
1.17254
1.17811
1.18156
1.1809
1.17516
1.16436
1.14937
1.1318
1.11378
1.09763
1.08513
1.077
1.07308
1.07296
1.07642
1.08328
1.09278
1.10332
1.11279
1.11927
1.12181
1.12065
1.11697
1.11217
1.10707
1.10181
1.09624
1.09045
1.08484
1.0798
1.07532
1.071
1.06647
1.06179
1.05757
1.05485
1.05468
1.05755
1.06311
1.07042
1.07848
1.08683
1.09564
1.10525
1.11556
1.12588
1.13503
1.14165
1.14436
1.1417
1.13252
1.11652
1.09504
1.07164
1.0517
1.04086
1.04266
1.05667
1.07871
1.1032
1.12569
1.14386
1.15687
1.1645
1.16677
1.16427
1.15845
1.15163
1.14641
1.14483
1.14776
1.15479
1.16464
1.17528
1.18414
1.18849
1.18634
1.17721
1.16237
1.14445
1.12646
1.11063
1.09778
1.08733
1.07832
1.07019
1.0632
1.05816
1.05614
1.05792
1.06358
1.07232
1.08276
1.09347
1.10353
1.11267
1.12109
1.12914
1.13698
1.14437
1.15078
1.15562
1.15845
1.15926
1.15855
1.15724
1.15638
1.15665
1.15794
1.15926
1.15942
1.1578
1.15471
1.15085
1.14669
1.14255
1.13904
1.13702
1.13703
1.13911
1.14301
1.14827
1.15402
1.15919
1.16279
1.16405
1.16246
1.15765
1.14953
1.13861
1.1263
1.11477
1.10636
1.10274
1.10427
1.11015
1.11887
1.12883
1.13865
1.14727
1.15387
1.15777
1.15868
1.157
1.15384
1.1507
1.14878
1.14863
1.15012
1.15269
1.1553
1.15652
1.15482
1.14904
1.13908
1.12612
1.11261
1.10156
1.09534
1.0949
1.09994
1.10949
1.12223
1.13645
1.15035
1.1624
1.17131
1.17604
1.17596
1.17105
1.16212
1.15075
1.13918
1.12981
1.12463
1.12453
1.12888
1.13535
1.14047
1.14082
1.13448
1.12227
1.10819
1.09826
1.09735
1.10651
1.12331
1.14425
1.16642
1.18786
1.20726
1.2237
1.23656
1.24533
1.24954
1.2488
1.24309
1.23302
1.22004
1.20609
1.19271
1.1803
1.1682
1.1556
1.14235
1.12922
1.11712
1.10647
1.09705
1.08853
1.08109
1.07568
1.07384
1.07694
1.08529
1.09778
1.11216
1.1258
1.13644
1.14274
1.14441
1.14205
1.13682
1.12988
1.12216
1.11427
1.10649
1.09891
1.09161
1.08482
1.07904
1.07509
1.07392
1.07636
1.08275
1.09284
1.10583
1.12056
1.13574
1.15
1.16203
1.17059
1.1747
1.17383
1.16856
1.16128
1.15632
1.15757
1.165
1.17412
1.17943
1.1778
1.16907
1.15517
1.13892
1.12296
1.10899
1.09729
1.08673
1.07528
1.06076
1.04183
1.01892
0.994851
0.974527
0.963338
0.964538
0.97759
0.998852
1.02362
1.04791
1.06898
1.0853
1.09611
1.10128
1.10125
1.09709
1.09044
1.08323
1.07725
1.07399
1.0745
1.07889
1.0857
1.09248
1.09751
1.10123
1.10516
1.10962
1.11314
1.11379
1.11054
1.10338
1.09302
1.0807
1.06804
1.05672
1.04785
1.04144
1.03626
1.03039
1.02257
1.01343
