           1   0.0491131   0.0491131           0
           2   0.0487757   0.0489444  0.00016869
           3    0.049117   0.0490019 0.000113105
           4   0.0493176   0.0490809 0.000112358
           5   0.0487873   0.0490221 0.000104989
           6   0.0490413   0.0490253 8.57828e-05
           7   0.0492292   0.0490545 7.81325e-05
           8   0.0491739   0.0490694 6.92921e-05
           9   0.0488811   0.0490485 6.45934e-05
          10   0.0492116   0.0490648 6.00329e-05
          11   0.0490002   0.0490589 5.46183e-05
          12   0.0484847   0.0490111  6.9104e-05
          13   0.0490526   0.0490143 6.36465e-05
          14   0.0495311   0.0490512 6.95339e-05
          15   0.0496149   0.0490888 7.48519e-05
          16   0.0487709   0.0490689 7.27817e-05
          17   0.0489669   0.0490629 6.86292e-05
          18    0.049653   0.0490957 7.25359e-05
          19   0.0500909   0.0491481 8.63206e-05
          20   0.0482911   0.0491052 9.24231e-05
