           0           0           0
    0.064633           0           0
    0.129266           0           0
    0.193899           0           0
    0.258532           0           0
    0.323165           0           0
    0.387798           0           0
    0.452431           0           0
    0.517064           0           0
    0.581697           0           0
     0.64633           0           0
    0.710963           0           0
    0.775596           0           0
     0.84023  0.00086809 0.000153405
    0.904863    0.152504  0.00275247
    0.969496     1.06365    0.007781
     1.03413     2.04711   0.0133105
     1.09876     2.27999   0.0137512
     1.16339      2.0757   0.0116566
     1.22803     1.82919  0.00912868
     1.29266     1.60626  0.00798952
     1.35729     1.45772  0.00429749
     1.42193     1.33995  0.00517248
     1.48656     1.24816  0.00350254
     1.55119     1.19699  0.00455088
     1.61583     1.13805  0.00366163
     1.68046     1.10564  0.00440198
     1.74509     1.09244  0.00416555
     1.80973     1.07652   0.0029248
     1.87436     1.06425  0.00367338
     1.93899     1.06206  0.00385059
     2.00362     1.05709  0.00375675
     2.06826     1.05689   0.0050727
     2.13289     1.05558  0.00324139
     2.19752      1.0499  0.00293253
     2.26216     1.04241  0.00341318
     2.32679     1.03243  0.00267197
     2.39142      1.0312  0.00256651
     2.45606      1.0273  0.00330308
     2.52069     1.01753   0.0039593
     2.58532     1.01804  0.00317486
     2.64995     1.01035  0.00262895
     2.71459     1.01378  0.00253243
     2.77922     1.01149  0.00261963
     2.84385     1.00909  0.00277121
     2.90849     1.00626  0.00230284
     2.97312     1.00327  0.00245357
     3.03775    0.999538  0.00240984
     3.10239    0.997188  0.00231687
     3.16702    0.998781  0.00219544
     3.23165    0.996524  0.00198024
     3.29629    0.998797  0.00193577
     3.36092    0.997745  0.00254025
     3.42555     0.99468  0.00170273
     3.49018    0.990652  0.00175087
     3.55482    0.993516  0.00219096
     3.61945    0.993216  0.00201185
     3.68408    0.991709  0.00187824
     3.74872    0.992788  0.00185724
     3.81335    0.992405  0.00100925
     3.87798    0.991804  0.00233959
     3.94262    0.991939  0.00165454
     4.00725    0.987886  0.00143839
     4.07188    0.991765  0.00168449
     4.13651    0.991676  0.00210588
     4.20115    0.986913  0.00171394
     4.26578    0.986327  0.00139348
     4.33041    0.988135  0.00152311
     4.39505    0.986473  0.00198326
     4.45968    0.987621  0.00114813
     4.52431    0.988859  0.00169021
     4.58895    0.986715   0.0020902
     4.65358    0.986002  0.00136434
     4.71821    0.986802  0.00167243
     4.78285    0.987885  0.00109039
     4.84748    0.986464  0.00172992
     4.91211    0.989459  0.00105219
     4.97674    0.985851  0.00127204
     5.04138    0.985809  0.00119392
     5.10601    0.985728  0.00121542
     5.17064      0.9862  0.00130543
     5.23528    0.986588  0.00118502
     5.29991    0.986362 0.000869253
     5.36454    0.987935  0.00128602
     5.42918    0.986514  0.00116732
     5.49381    0.985806 0.000996229
     5.55844    0.983639  0.00119725
     5.62307    0.985295   0.0010144
     5.68771    0.987013  0.00124861
     5.75234    0.986618 0.000994871
     5.81697    0.985389  0.00147493
     5.88161    0.984931  0.00077255
     5.94624    0.984161  0.00101936
     6.01087    0.986661  0.00134755
     6.07551    0.988478 0.000929016
     6.14014    0.985258 0.000860551
     6.20477     0.98516 0.000981176
      6.2694    0.986254 0.000933673
     6.33404    0.985878  0.00139538
     6.39867    0.984334  0.00101423
