           1   -0.415751   -0.415751           0
           2   -0.414673   -0.415212 0.000538736
           3   -0.415112   -0.415178 0.000312835
           4   -0.416227   -0.415441 0.000342935
           5   -0.414771   -0.415307  0.00029745
           6   -0.416018   -0.415425 0.000270271
           7   -0.416392   -0.415563  0.00026695
           8   -0.411537    -0.41506 0.000553827
           9    -0.42062   -0.415678 0.000787554
          10   -0.405195    -0.41463  0.00126299
          11   -0.420209   -0.415137  0.00124994
          12   -0.415826   -0.415194  0.00114247
          13   -0.411523   -0.414912  0.00108821
          14   -0.411798   -0.414689  0.00103174
          15   -0.407678   -0.414222  0.00106819
          16   -0.416338   -0.414354  0.00100791
          17   -0.410698   -0.414139 0.000970888
          18   -0.409255   -0.413868  0.00095473
          19   -0.418744   -0.414125 0.000938846
          20   -0.415168   -0.414177 0.000892194
