           1     -5.5043     -5.5043           0
           2    -5.47717    -5.49074   0.0135654
           3    -5.45391    -5.47846   0.0145601
           4    -5.50167    -5.48427   0.0118177
           5    -5.47122    -5.48166  0.00951862
           6    -5.47091    -5.47987  0.00797545
           7    -5.45374    -5.47613  0.00770456
           8    -5.48628     -5.4774  0.00679171
           9    -5.48175    -5.47788  0.00600917
          10    -5.43206     -5.4733  0.00706287
          11    -5.46212    -5.47229  0.00646895
          12    -5.47455    -5.47247  0.00590834
          13    -5.42307    -5.46867  0.00663179
          14    -5.48472    -5.46982  0.00624584
          15    -5.45914    -5.46911  0.00585803
          16    -5.45981    -5.46853  0.00551043
          17    -5.45964      -5.468  0.00520249
          18    -5.44375    -5.46666  0.00508664
          19    -5.46183     -5.4664  0.00481818
          20     -5.4524     -5.4657   0.0046242
