           0           0           0
   0.0256496           0           0
   0.0512993           0           0
   0.0769489           0           0
    0.102599           0           0
    0.128248           0           0
    0.153898           0           0
    0.179547           0           0
    0.205197           0           0
    0.230847           0           0
    0.256496           0           0
    0.282146           0           0
    0.307796           0           0
    0.333445           0           0
    0.359095           0           0
    0.384745           0           0
    0.410394           0           0
    0.436044           0           0
    0.461694           0           0
    0.487343           0           0
    0.512993           0           0
    0.538642           0           0
    0.564292           0           0
    0.589942           0           0
    0.615591           0           0
    0.641241           0           0
    0.666891           0           0
     0.69254           0           0
     0.71819           0           0
     0.74384           0           0
    0.769489           0           0
    0.795139           0           0
    0.820788           0           0
    0.846438 1.94523e-05 1.94523e-05
    0.872088  0.00117383 0.000102119
    0.897737   0.0232033 0.000630353
    0.923387    0.163752  0.00188516
    0.949037    0.564764  0.00466212
    0.974686     1.20079   0.0073482
     1.00034     1.85933  0.00790457
     1.02599      2.3308  0.00639297
     1.05164     2.55104  0.00691324
     1.07728     2.55671  0.00564127
     1.10293     2.40578   0.0053087
     1.12858      2.1972  0.00563328
     1.15423     1.97094  0.00513853
     1.17988     1.75673  0.00587655
     1.20553     1.55964  0.00539551
     1.23118     1.39263  0.00417838
     1.25683     1.24805  0.00395914
     1.28248     1.12567  0.00301742
     1.30813     1.02334  0.00343604
     1.33378    0.942098  0.00292057
     1.35943    0.872808  0.00251913
     1.38508    0.816539  0.00230992
     1.41073    0.771221  0.00182628
     1.43638    0.737441  0.00264784
     1.46203    0.710198  0.00204581
     1.48768    0.692121  0.00285762
     1.51333    0.678674  0.00198068
     1.53898    0.671837  0.00239502
     1.56463    0.674395  0.00266109
     1.59028    0.676078  0.00255811
     1.61593    0.688002  0.00211544
     1.64158    0.705058  0.00209179
     1.66723     0.72577   0.0022626
     1.69288    0.750936  0.00176338
     1.71853    0.782026  0.00233797
     1.74418    0.814385  0.00215687
     1.76983    0.851472  0.00212402
     1.79547    0.891656  0.00246121
     1.82112     0.92953   0.0031495
     1.84677    0.970423  0.00240532
     1.87242     1.01448   0.0027955
     1.89807      1.0504  0.00264381
     1.92372     1.09319  0.00211863
     1.94937     1.13035  0.00222218
     1.97502     1.16215  0.00232842
     2.00067     1.18926  0.00267124
     2.02632      1.2067  0.00177488
     2.05197     1.21814  0.00247896
     2.07762     1.21695  0.00215715
     2.10327     1.21361  0.00196787
     2.12892     1.19868  0.00238912
     2.15457     1.17572   0.0019641
     2.18022     1.15258  0.00205792
     2.20587     1.12634  0.00206733
     2.23152     1.09744  0.00238223
     2.25717     1.06458  0.00260703
     2.28282     1.03915  0.00218067
     2.30847      1.0112  0.00217277
     2.33412    0.981956  0.00177324
     2.35977     0.96378   0.0019783
     2.38542    0.944032  0.00144816
     2.41107    0.930179   0.0017202
     2.43672    0.915809  0.00142997
     2.46237    0.907635  0.00121939
     2.48802    0.895635   0.0013985
     2.51366    0.886457  0.00132342
     2.53931    0.890166  0.00171671
