           1     1.16844     1.16844           0
           2     1.31352     1.24098   0.0725368
           3     1.44128     1.30775   0.0788148
           4      1.1747     1.27449   0.0649017
           5     1.35375     1.29034   0.0527129
           6     1.39998     1.30861   0.0467584
           7     1.44844     1.32859     0.04428
           8     1.24874     1.31861   0.0396252
           9     1.31366     1.31806   0.0349505
          10      1.5794     1.34419   0.0407459
          11     1.42226     1.35129   0.0375332
          12     1.34802     1.35102   0.0342641
          13     1.61825     1.37157   0.0376293
          14      1.3226     1.36807   0.0350131
          15     1.38327     1.36909   0.0326112
          16     1.41651     1.37205   0.0306486
          17     1.46728     1.37765   0.0293293
          18     1.48491     1.38361   0.0282867
          19     1.39191     1.38405   0.0267601
          20     1.42977     1.38633   0.0254896
