           1   -0.415751   -0.415751           0
           2   -0.414673   -0.415212 0.000538736
           3   -0.415112   -0.415178 0.000312835
           4   -0.416227   -0.415441 0.000342935
           5   -0.414771   -0.415307  0.00029745
           6   -0.416018   -0.415425 0.000270271
           7   -0.416392   -0.415563  0.00026695
           8   -0.411537    -0.41506 0.000553827
           9    -0.42062   -0.415678 0.000787554
          10   -0.405195    -0.41463  0.00126299
          11   -0.420209   -0.415137  0.00124994
          12   -0.415826   -0.415194  0.00114247
          13   -0.411523   -0.414912  0.00108821
          14   -0.411798   -0.414689  0.00103174
          15   -0.407678   -0.414222  0.00106819
          16   -0.416338   -0.414354  0.00100791
          17   -0.410698   -0.414139 0.000970888
          18   -0.409255   -0.413868  0.00095473
          19   -0.418744   -0.414125 0.000938846
          20   -0.415168   -0.414177 0.000892194
          21   -0.414185   -0.414177 0.000848646
          22   -0.408173   -0.413904 0.000853943
          23   -0.413987   -0.413908 0.000815979
          24   -0.408732   -0.413692 0.000810456
          25   -0.407625   -0.413449 0.000814363
          26   -0.408768   -0.413269 0.000802863
          27   -0.409184   -0.413118 0.000787231
          28   -0.416813    -0.41325 0.000769984
          29   -0.412448   -0.413222 0.000743472
          30   -0.414997   -0.413282 0.000720694
          31   -0.414416   -0.413318 0.000698017
          32   -0.419231   -0.413503 0.000700652
          33    -0.41443   -0.413531  0.00067967
          34   -0.420177   -0.413726 0.000687737
          35   -0.414199    -0.41374 0.000667935
          36   -0.415208   -0.413781 0.000650397
          37   -0.413883   -0.413783  0.00063258
          38   -0.412351   -0.413746 0.000616861
          39   -0.421332    -0.41394  0.00063154
          40   -0.414973   -0.413966 0.000616089
          41   -0.415068   -0.413993 0.000601476
          42   -0.410482   -0.413909 0.000592905
          43   -0.414313   -0.413919 0.000579028
          44   -0.417961   -0.414011 0.000573126
          45   -0.415734   -0.414049 0.000561553
          46   -0.415657   -0.414084 0.000550321
          47    -0.40939   -0.413984 0.000547669
          48    -0.41738   -0.414055 0.000540784
          49   -0.415549   -0.414085 0.000530511
          50   -0.420089   -0.414205  0.00053348
          51    -0.42174   -0.414353 0.000543384
          52   -0.413267   -0.414332 0.000533241
          53   -0.418221   -0.414406 0.000528205
          54   -0.410969   -0.414342 0.000522223
          55   -0.411547   -0.414291 0.000515153
          56   -0.410311    -0.41422 0.000510838
          57   -0.415256   -0.414238 0.000502125
          58   -0.409927   -0.414164 0.000498958
          59   -0.414169   -0.414164 0.000490429
          60   -0.419322    -0.41425  0.00048979
          61   -0.415679   -0.414273 0.000482263
          62   -0.406484   -0.414148 0.000490775
          63   -0.410807   -0.414095 0.000485824
          64   -0.413587   -0.414087 0.000478239
          65   -0.423252   -0.414228 0.000491484
          66   -0.408498   -0.414141 0.000491704
          67   -0.412116   -0.414111 0.000485251
          68   -0.416624   -0.414148 0.000479489
          69   -0.413917   -0.414144   0.0004725
          70    -0.42055   -0.414236 0.000474606
          71   -0.413767   -0.414229  0.00046792
          72   -0.413489   -0.414219  0.00046149
          73   -0.420813   -0.414309 0.000464003
          74   -0.420369   -0.414391 0.000464958
          75   -0.418187   -0.414442   0.0004615
          76      -0.417   -0.414476  0.00045663
          77   -0.420101   -0.414549 0.000456544
          78   -0.416463   -0.414573 0.000451321
          79   -0.411365   -0.414533 0.000447418
          80   -0.411013   -0.414489 0.000443976
          81   -0.417902   -0.414531  0.00044048
          82   -0.418508   -0.414579 0.000437771
          83    -0.41491   -0.414583 0.000432483
          84   -0.417853   -0.414622 0.000429072
          85   -0.408999   -0.414556 0.000429125
          86   -0.409666   -0.414499   0.0004279
          87   -0.414398   -0.414498 0.000422955
          88   -0.410325    -0.41445 0.000420801
          89   -0.410065   -0.414401 0.000418954
          90    -0.41142   -0.414368 0.000415595
          91   -0.415584   -0.414381  0.00041122
          92   -0.419816    -0.41444 0.000410993
          93   -0.414007   -0.414436 0.000406577
          94   -0.416365   -0.414456 0.000402751
          95    -0.41059   -0.414416 0.000400562
          96   -0.417649   -0.414449 0.000397796
          97   -0.409775   -0.414401 0.000396612
          98   -0.415806   -0.414415 0.000392805
          99   -0.419491   -0.414467 0.000392182
         100   -0.412869   -0.414451  0.00038857
         101   -0.409132   -0.414398 0.000388291
         102   -0.416661    -0.41442 0.000385105
         103   -0.419369   -0.414468 0.000384363
         104   -0.409536   -0.414421 0.000383592
         105   -0.420366   -0.414478 0.000384117
         106    -0.41438   -0.414477 0.000380477
         107   -0.412315   -0.414456 0.000377445
         108   -0.413593   -0.414448 0.000374019
         109   -0.416591   -0.414468 0.000371093
         110   -0.418405   -0.414504 0.000369441
         111   -0.417198   -0.414528 0.000366902
         112      -0.413   -0.414514 0.000363867
         113   -0.408161   -0.414458 0.000364989
         114   -0.412623   -0.414442 0.000362131
         115   -0.414856   -0.414446 0.000358986
         116   -0.414032   -0.414442 0.000355896
         117   -0.419946   -0.414489 0.000355962
         118   -0.407903   -0.414433 0.000357318
         119   -0.412994   -0.414421 0.000354509
         120   -0.420694   -0.414474 0.000355408
         121   -0.412688   -0.414459 0.000352767
         122   -0.423156    -0.41453 0.000357053
         123   -0.412386   -0.414513 0.000354567
         124   -0.416855   -0.414532 0.000352203
         125   -0.418821   -0.414566 0.000351056
         126     -0.4093   -0.414524 0.000350757
         127   -0.405703   -0.414455 0.000354848
         128    -0.41106   -0.414428 0.000353063
         129   -0.410614   -0.414399 0.000351561
         130   -0.419407   -0.414437 0.000350967
         131    -0.41149   -0.414415 0.000349003
         132    -0.41603   -0.414427 0.000346565
         133    -0.41178   -0.414407 0.000344525
         134   -0.414862    -0.41441 0.000341961
         135   -0.417721   -0.414435 0.000340303
         136   -0.419807   -0.414474 0.000340094
         137   -0.413222   -0.414465 0.000337726
         138   -0.413588   -0.414459  0.00033533
         139   -0.411202   -0.414435 0.000333732
         140   -0.415309   -0.414442 0.000331399
         141   -0.407821   -0.414395 0.000332373
         142   -0.412332    -0.41438 0.000330344
         143    -0.41954   -0.414416 0.000330004
         144   -0.412887   -0.414406 0.000327876
         145   -0.415964   -0.414416 0.000325784
         146   -0.420832    -0.41446 0.000326516
         147   -0.413791   -0.414456 0.000324319
         148   -0.422157   -0.414508 0.000326296
         149   -0.411161   -0.414485 0.000324876
         150   -0.410991   -0.414462 0.000323543
         151   -0.414227    -0.41446 0.000321397
         152   -0.415008   -0.414464 0.000319296
         153   -0.409702   -0.414433 0.000318725
         154   -0.414233   -0.414432 0.000316652
         155   -0.415273   -0.414437 0.000314649
         156   -0.415786   -0.414446 0.000312745
         157   -0.413814   -0.414442 0.000310773
         158   -0.411821   -0.414425 0.000309244
         159    -0.40893   -0.414391  0.00030923
         160   -0.408267   -0.414352 0.000309666
         161   -0.407219   -0.414308  0.00031091
         162   -0.411811   -0.414293 0.000309369
         163   -0.412106   -0.414279 0.000307758
         164   -0.409296   -0.414249 0.000307381
         165   -0.425837   -0.414319 0.000313481
         166   -0.414397   -0.414319 0.000311587
         167     -0.4094    -0.41429 0.000311114
         168   -0.416709   -0.414304 0.000309591
         169   -0.414194   -0.414304 0.000307755
         170   -0.404769   -0.414248 0.000311038
         171   -0.401862   -0.414175 0.000317583
         172   -0.415665   -0.414184  0.00031585
         173   -0.416342   -0.414196 0.000314266
         174   -0.413195   -0.414191 0.000312508
         175   -0.416395   -0.414203 0.000310972
         176   -0.414438   -0.414205 0.000309203
         177   -0.411612    -0.41419   0.0003078
         178   -0.419708   -0.414221 0.000307632
         179   -0.413421   -0.414216 0.000305941
         180   -0.414079   -0.414216 0.000304238
         181   -0.411658   -0.414202 0.000302882
         182    -0.41286   -0.414194 0.000301303
         183   -0.414214   -0.414194 0.000299652
         184   -0.415591   -0.414202 0.000298116
         185   -0.408048   -0.414169  0.00029836
         186    -0.40918   -0.414142 0.000297961
         187   -0.406986   -0.414104 0.000298824
         188   -0.410903   -0.414087 0.000297717
         189   -0.413061   -0.414081 0.000296188
         190   -0.415014   -0.414086 0.000294666
         191   -0.411346   -0.414072  0.00029347
         192   -0.417536    -0.41409 0.000292494
         193   -0.420074   -0.414121 0.000292622
         194   -0.416977   -0.414135 0.000291482
         195   -0.411458   -0.414122 0.000290308
         196   -0.417234   -0.414138 0.000289259
         197   -0.410022   -0.414117 0.000288545
         198   -0.415057   -0.414121 0.000287123
         199   -0.411577   -0.414109 0.000285963
         200   -0.410655   -0.414091 0.000285053
         201   -0.414693   -0.414094 0.000283647
         202   -0.413957   -0.414094  0.00028224
         203   -0.419467    -0.41412 0.000282091
         204   -0.413385   -0.414117 0.000280727
         205   -0.407554   -0.414085 0.000281183
         206   -0.419381    -0.41411 0.000280993
         207   -0.419242   -0.414135 0.000280729
         208   -0.423567    -0.41418 0.000283032
         209   -0.420333    -0.41421 0.000283209
         210   -0.408832   -0.414184 0.000283018
         211    -0.40973   -0.414163 0.000282463
         212   -0.412655   -0.414156 0.000281218
         213   -0.413255   -0.414152 0.000279926
         214   -0.414104   -0.414152 0.000278615
         215   -0.418479   -0.414172 0.000278046
         216   -0.410494   -0.414155 0.000277279
         217   -0.415762   -0.414162 0.000276097
         218   -0.408716   -0.414137 0.000275961
         219   -0.411609   -0.414126 0.000274941
         220   -0.410597   -0.414109 0.000274158
         221   -0.421604   -0.414143 0.000275013
         222    -0.40774   -0.414115 0.000275287
         223   -0.407082   -0.414083 0.000275858
         224   -0.415298   -0.414088 0.000274677
         225   -0.413477   -0.414086 0.000273467
         226   -0.407384   -0.414056 0.000273865
         227   -0.414096   -0.414056 0.000272656
         228   -0.406512   -0.414023 0.000273467
         229   -0.417568   -0.414039 0.000272709
         230   -0.415639   -0.414046  0.00027161
         231   -0.414692   -0.414048 0.000270446
         232   -0.411651   -0.414038 0.000269476
         233   -0.417393   -0.414052 0.000268703
         234   -0.420067   -0.414078 0.000268784
         235    -0.41364   -0.414076 0.000267645
         236   -0.415549   -0.414083 0.000266581
         237   -0.421789   -0.414115 0.000267438
         238   -0.412912    -0.41411  0.00026636
         239   -0.415684   -0.414117 0.000265325
         240   -0.410869   -0.414103 0.000264563
         241   -0.412909   -0.414098  0.00026351
         242   -0.415601   -0.414104 0.000262492
         243   -0.414209   -0.414105  0.00026141
         244   -0.412224   -0.414097 0.000260451
         245   -0.412458    -0.41409 0.000259472
         246   -0.418203   -0.414107 0.000258955
         247    -0.41553   -0.414113 0.000257969
         248   -0.405745   -0.414079 0.000259133
         249   -0.412902   -0.414074 0.000258133
         250   -0.411035   -0.414062 0.000257386
         251   -0.409953   -0.414046  0.00025688
         252   -0.415951   -0.414053 0.000255971
         253   -0.413412   -0.414051  0.00025497
         254   -0.404745   -0.414014 0.000256593
         255   -0.422581   -0.414048 0.000257783
         256   -0.420341   -0.414072 0.000257948
         257   -0.415582   -0.414078 0.000257009
         258   -0.414429    -0.41408 0.000256015
         259    -0.40908    -0.41406 0.000255754
         260   -0.411809   -0.414052 0.000254915
         261   -0.412938   -0.414047 0.000253972
         262   -0.411067   -0.414036 0.000253257
         263   -0.417234   -0.414048 0.000252585
         264   -0.416306   -0.414057 0.000251771
         265   -0.408888   -0.414037 0.000251577
         266   -0.416638   -0.414047  0.00025082
         267   -0.412842   -0.414042 0.000249919
         268   -0.422327   -0.414073 0.000250897
         269   -0.416713   -0.414083 0.000250155
         270   -0.417602   -0.414096 0.000249567
         271   -0.416496   -0.414105 0.000248802
         272    -0.41637   -0.414113 0.000248026
         273   -0.416821   -0.414123 0.000247314
         274   -0.417358   -0.414135 0.000246693
         275    -0.41549    -0.41414 0.000245843
         276   -0.409816   -0.414124 0.000245452
         277   -0.409965   -0.414109 0.000245024
         278   -0.411193   -0.414099 0.000244367
         279   -0.408215   -0.414078 0.000244401
         280   -0.408921   -0.414059 0.000244221
         281   -0.418598   -0.414076 0.000243886
         282    -0.41963   -0.414095 0.000243817
         283   -0.409287   -0.414078 0.000243547
         284   -0.414684    -0.41408 0.000242697
         285    -0.41345   -0.414078 0.000241854
         286   -0.415332   -0.414083 0.000241047
         287   -0.410641   -0.414071 0.000240505
         288   -0.422644     -0.4141  0.00024151
         289   -0.412474   -0.414095 0.000240739
         290   -0.412401   -0.414089 0.000239978
         291   -0.412284   -0.414083 0.000239233
         292   -0.418486   -0.414098 0.000238888
         293    -0.42061    -0.41412 0.000239107
         294   -0.408418   -0.414101  0.00023908
         295   -0.410745   -0.414089  0.00023854
         296   -0.415338   -0.414093  0.00023777
         297   -0.412338   -0.414088 0.000237042
         298   -0.412931   -0.414084 0.000236277
         299   -0.411405   -0.414075 0.000235655
         300     -0.4137   -0.414073 0.000234872
         301   -0.414017   -0.414073  0.00023409
         302   -0.414053   -0.414073 0.000233314
         303   -0.411934   -0.414066  0.00023265
         304   -0.418025   -0.414079 0.000232249
         305   -0.415882   -0.414085 0.000231561
         306   -0.413924   -0.414085 0.000230804
         307   -0.409569    -0.41407 0.000230521
         308   -0.402055   -0.414031 0.000233059
         309   -0.420467   -0.414052 0.000233235
         310   -0.414035   -0.414052 0.000232482
         311   -0.413587    -0.41405 0.000231738
         312   -0.428166   -0.414095 0.000235383
         313   -0.415794   -0.414101 0.000234692
         314   -0.418339   -0.414114 0.000234333
         315   -0.414351   -0.414115 0.000233589
         316   -0.419303   -0.414131 0.000233427
         317   -0.419724   -0.414149 0.000233357
         318   -0.416147   -0.414155 0.000232707
         319   -0.415009   -0.414158 0.000231991
         320   -0.411616    -0.41415 0.000231402
         321    -0.41332   -0.414147 0.000230694
         322   -0.406244   -0.414123 0.000231283
         323   -0.412232   -0.414117  0.00023064
         324   -0.415013    -0.41412 0.000229944
         325   -0.414031    -0.41412 0.000229235
         326   -0.410779   -0.414109  0.00022876
         327   -0.405665   -0.414084 0.000229517
         328   -0.418397   -0.414097 0.000229194
         329   -0.417101   -0.414106 0.000228679
         330   -0.410212   -0.414094  0.00022829
         331     -0.4156   -0.414099 0.000227644
         332   -0.416156   -0.414105 0.000227042
         333    -0.41878   -0.414119 0.000226794
         334   -0.407032   -0.414098 0.000227108
         335    -0.41016   -0.414086 0.000226734
         336   -0.411982    -0.41408 0.000226145
         337    -0.41842   -0.414092  0.00022584
         338   -0.415845   -0.414098 0.000225231
         339    -0.41439   -0.414098 0.000224567
         340   -0.418557   -0.414112 0.000224289
         341   -0.417613   -0.414122 0.000223866
         342   -0.405804   -0.414098 0.000224532
         343   -0.422035   -0.414121 0.000225069
         344   -0.417148   -0.414129 0.000224586
         345   -0.413169   -0.414127 0.000223952
         346   -0.412634   -0.414122 0.000223345
         347   -0.416665    -0.41413 0.000222821
         348   -0.411193   -0.414121  0.00022234
         349   -0.414172   -0.414121 0.000221702
         350   -0.413019   -0.414118  0.00022109
         351   -0.413164   -0.414116 0.000220476
         352   -0.417877   -0.414126 0.000220109
         353   -0.410953   -0.414117 0.000219668
         354   -0.411328   -0.414109 0.000219189
         355   -0.414335    -0.41411 0.000218571
         356    -0.41276   -0.414106 0.000217989
         357   -0.411655   -0.414099 0.000217486
         358   -0.411394   -0.414092  0.00021701
         359    -0.40961   -0.414079 0.000216764
         360   -0.416659   -0.414086  0.00021628
         361   -0.415149   -0.414089   0.0002157
         362   -0.417735   -0.414099 0.000215339
         363   -0.417664   -0.414109 0.000214969
         364   -0.407962   -0.414092 0.000215042
         365   -0.420623    -0.41411 0.000215197
         366    -0.41436   -0.414111 0.000214609
         367   -0.409959     -0.4141 0.000214323
         368   -0.411871   -0.414094 0.000213825
         369    -0.41614   -0.414099 0.000213317
         370   -0.412903   -0.414096 0.000212764
         371    -0.40737   -0.414078 0.000212963
         372   -0.415941   -0.414083 0.000212449
         373   -0.416114   -0.414088 0.000211949
         374   -0.414551   -0.414089 0.000211385
         375    -0.41054    -0.41408 0.000211033
         376   -0.411806   -0.414074 0.000210558
         377   -0.417036   -0.414082 0.000210145
         378   -0.417491   -0.414091 0.000209782
         379   -0.417815   -0.414101 0.000209459
         380   -0.411859   -0.414095  0.00020899
         381   -0.420141   -0.414111 0.000209044
         382   -0.410413   -0.414101 0.000208721
         383   -0.412838   -0.414098 0.000208201
         384   -0.425442   -0.414127 0.000209749
         385   -0.414439   -0.414128 0.000209205
         386   -0.411622   -0.414122 0.000208764
         387   -0.412209   -0.414117 0.000208282
         388   -0.414179   -0.414117 0.000207745
         389   -0.409511   -0.414105 0.000207548
         390   -0.414325   -0.414105 0.000207016
         391   -0.412564   -0.414102 0.000206523
         392   -0.420471   -0.414118 0.000206636
         393   -0.418223   -0.414128 0.000206374
         394   -0.410354   -0.414119 0.000206072
         395    -0.41093   -0.414111 0.000205708
         396   -0.417957    -0.41412 0.000205418
         397   -0.416727   -0.414127 0.000205005
         398   -0.416808   -0.414134   0.0002046
         399    -0.40878    -0.41412 0.000204527
         400   -0.409272   -0.414108 0.000204375
         401   -0.415159   -0.414111 0.000203881
         402   -0.413868    -0.41411 0.000203374
         403   -0.406617   -0.414091 0.000203719
         404   -0.416012   -0.414096  0.00020327
         405   -0.423867    -0.41412 0.000204198
         406   -0.407025   -0.414103 0.000204442
         407   -0.421507   -0.414121 0.000204749
         408   -0.408321   -0.414107 0.000204741
         409   -0.426111   -0.414136 0.000206338
         410   -0.416234   -0.414141 0.000205898
         411   -0.412541   -0.414137 0.000205433
         412   -0.410176   -0.414128 0.000205159
         413   -0.419187    -0.41414 0.000205028
         414   -0.414636   -0.414141 0.000204536
         415   -0.416661   -0.414147 0.000204133
         416    -0.42028   -0.414162 0.000204174
         417   -0.418844   -0.414173 0.000203993
         418   -0.413011   -0.414171 0.000203524
         419   -0.410863   -0.414163 0.000203191
         420      -0.418   -0.414172 0.000202912
         421    -0.41333    -0.41417  0.00020244
         422   -0.413331   -0.414168 0.000201969
         423   -0.415709   -0.414171 0.000201524
         424    -0.41469   -0.414173 0.000201052
         425   -0.415151   -0.414175 0.000200591
         426   -0.415796   -0.414179 0.000200156
         427   -0.413777   -0.414178 0.000199689
         428   -0.415272    -0.41418 0.000199238
         429   -0.414512   -0.414181 0.000198775
         430   -0.418517   -0.414191 0.000198568
         431   -0.419912   -0.414204 0.000198551
         432   -0.429941   -0.414241 0.000201412
         433   -0.414574   -0.414242 0.000200948
         434   -0.419396   -0.414254 0.000200836
         435   -0.415528   -0.414256 0.000200395
         436   -0.412324   -0.414252 0.000199984
         437   -0.410798   -0.414244 0.000199683
         438   -0.412024   -0.414239 0.000199291
         439   -0.411994   -0.414234 0.000198902
         440   -0.413041   -0.414231 0.000198468
         441   -0.411135   -0.414224 0.000198142
         442   -0.412517    -0.41422 0.000197731
         443   -0.413648   -0.414219 0.000197288
         444   -0.415166   -0.414221 0.000196855
         445   -0.419369   -0.414233 0.000196752
         446   -0.409978   -0.414223 0.000196542
         447   -0.411118   -0.414216 0.000196225
         448   -0.413214   -0.414214 0.000195799
         449    -0.41491   -0.414216 0.000195369
         450   -0.416317    -0.41422  0.00019499
         451   -0.416991   -0.414226 0.000194654
         452   -0.421304   -0.414242 0.000194853
         453   -0.414651   -0.414243 0.000194425
         454   -0.414412   -0.414243 0.000193996
         455   -0.420235   -0.414257 0.000194017
         456   -0.411734   -0.414251  0.00019367
         457   -0.408069   -0.414237 0.000193719
         458   -0.420346   -0.414251 0.000193755
         459   -0.417229   -0.414257 0.000193441
         460   -0.421423   -0.414273 0.000193648
         461   -0.414748   -0.414274  0.00019323
         462   -0.414736   -0.414275 0.000192814
         463   -0.405428   -0.414256 0.000193344
         464   -0.414998   -0.414257 0.000192933
         465   -0.419627   -0.414269 0.000192864
         466   -0.415082   -0.414271 0.000192457
         467   -0.413138   -0.414268  0.00019206
         468    -0.41839   -0.414277 0.000191852
         469   -0.406983   -0.414262 0.000192073
         470   -0.411383   -0.414255 0.000191761
         471   -0.418264   -0.414264 0.000191543
         472   -0.410765   -0.414256  0.00019128
         473   -0.414377   -0.414257 0.000190876
         474   -0.410208   -0.414248 0.000190664
         475    -0.42057   -0.414262 0.000190727
         476   -0.410405   -0.414253 0.000190498
         477   -0.410196   -0.414245 0.000190289
         478   -0.415717   -0.414248 0.000189915
         479   -0.417666   -0.414255 0.000189653
         480    -0.41359   -0.414254 0.000189262
         481   -0.414315   -0.414254 0.000188868
         482   -0.413441   -0.414252 0.000188484
         483   -0.412908   -0.414249 0.000188114
         484   -0.409836    -0.41424 0.000187946
         485   -0.412826   -0.414237 0.000187581
         486   -0.420642   -0.414251 0.000187658
         487   -0.416534   -0.414255 0.000187331
         488   -0.414503   -0.414256 0.000186947
         489   -0.415639   -0.414259 0.000186586
         490   -0.411163   -0.414252 0.000186312
         491   -0.411615   -0.414247 0.000186009
         492   -0.413908   -0.414246 0.000185632
         493   -0.416674   -0.414251 0.000185321
         494   -0.420497   -0.414264 0.000185377
         495   -0.415399   -0.414266 0.000185016
         496   -0.413765   -0.414265 0.000184646
         497   -0.407083   -0.414251 0.000184839
         498   -0.415063   -0.414252 0.000184475
         499   -0.415854   -0.414255 0.000184133
         500   -0.413497   -0.414254 0.000183771
