           1   0.0491131   0.0491131           0
           2   0.0487757   0.0489444  0.00016869
           3    0.049117   0.0490019 0.000113105
           4   0.0493176   0.0490809 0.000112358
           5   0.0487873   0.0490221 0.000104989
           6   0.0490413   0.0490253 8.57828e-05
           7   0.0492292   0.0490545 7.81325e-05
           8   0.0491739   0.0490694 6.92921e-05
           9   0.0488811   0.0490485 6.45934e-05
          10   0.0492116   0.0490648 6.00329e-05
          11   0.0490002   0.0490589 5.46183e-05
          12   0.0484847   0.0490111  6.9104e-05
          13   0.0490526   0.0490143 6.36465e-05
          14   0.0495311   0.0490512 6.95339e-05
          15   0.0496149   0.0490888 7.48519e-05
          16   0.0487709   0.0490689 7.27817e-05
          17   0.0489669   0.0490629 6.86292e-05
          18    0.049653   0.0490957 7.25359e-05
          19   0.0500909   0.0491481 8.63206e-05
          20   0.0482911   0.0491052 9.24231e-05
          21   0.0487846   0.0490899 8.92276e-05
          22   0.0490356   0.0490875  8.5111e-05
          23   0.0497415   0.0491159 8.61547e-05
          24   0.0493898   0.0491273 8.32724e-05
          25   0.0488556   0.0491164 8.06083e-05
          26   0.0493509   0.0491255 7.79691e-05
          27   0.0495366   0.0491407 7.65556e-05
          28   0.0488559   0.0491305 7.44688e-05
          29   0.0488912   0.0491223 7.23275e-05
          30   0.0487183   0.0491088 7.11608e-05
          31   0.0492566   0.0491136  6.8992e-05
          32   0.0488106   0.0491041 6.74688e-05
          33    0.048412   0.0490831 6.86733e-05
          34   0.0485441   0.0490673 6.84834e-05
          35   0.0486459   0.0490552 6.75789e-05
          36   0.0489093   0.0490512 6.57999e-05
          37   0.0487597   0.0490433 6.44799e-05
          38    0.049173   0.0490467 6.28529e-05
          39   0.0483917   0.0490299  6.3482e-05
          40   0.0492292   0.0490349 6.20748e-05
          41   0.0490477   0.0490352 6.05427e-05
          42   0.0491582   0.0490381 5.91561e-05
          43   0.0490601   0.0490387 5.77662e-05
          44   0.0489519   0.0490367 5.64725e-05
          45   0.0491535   0.0490393 5.52643e-05
          46   0.0487714   0.0490335 5.43625e-05
          47   0.0495692   0.0490449 5.44009e-05
          48    0.048783   0.0490394 5.35341e-05
          49   0.0485155   0.0490287 5.35091e-05
          50   0.0486122   0.0490204 5.30857e-05
          51   0.0489451   0.0490189 5.20553e-05
          52   0.0487214   0.0490132 5.13641e-05
          53   0.0493125   0.0490188 5.07011e-05
          54   0.0493197   0.0490244 5.00644e-05
          55   0.0490083   0.0490241 4.91466e-05
          56   0.0494942   0.0490325 4.89856e-05
          57   0.0483065   0.0490198 4.97759e-05
          58   0.0491651   0.0490223 4.89742e-05
          59   0.0485838   0.0490148 4.87072e-05
          60   0.0485142   0.0490065   4.861e-05
          61   0.0488949   0.0490047 4.78414e-05
          62   0.0500783    0.049022  5.0148e-05
          63   0.0491029   0.0490233 4.93623e-05
          64   0.0495464   0.0490314 4.92676e-05
          65   0.0481809   0.0490184 5.02377e-05
          66   0.0494822   0.0490254 4.99673e-05
          67   0.0485092   0.0490177 4.98152e-05
          68    0.048952   0.0490167 4.90866e-05
          69   0.0493953   0.0490222 4.86802e-05
          70   0.0485789   0.0490159 4.83959e-05
          71   0.0487973   0.0490128 4.78086e-05
          72   0.0494636   0.0490191 4.75539e-05
          73   0.0487954    0.049016 4.69979e-05
          74   0.0490957   0.0490171  4.6371e-05
          75   0.0492436   0.0490201 4.58481e-05
          76   0.0488415   0.0490177 4.53018e-05
          77   0.0485897   0.0490122 4.50539e-05
          78   0.0492993   0.0490159 4.46246e-05
          79   0.0486799   0.0490116 4.42609e-05
          80   0.0489954   0.0490114 4.37046e-05
          81   0.0487961   0.0490087 4.32435e-05
          82   0.0489983   0.0490086  4.2713e-05
          83   0.0487054    0.049005 4.23531e-05
          84   0.0488752   0.0490034 4.18744e-05
          85   0.0490458   0.0490039 4.13818e-05
          86   0.0497886    0.049013 4.19033e-05
          87   0.0492099   0.0490153 4.14806e-05
          88   0.0495221   0.0490211 4.14089e-05
          89    0.048914   0.0490199 4.09586e-05
          90   0.0491872   0.0490217 4.05437e-05
          91   0.0491923   0.0490236 4.01394e-05
          92   0.0490447   0.0490238 3.97014e-05
          93    0.048594   0.0490192 3.95432e-05
          94    0.048644   0.0490152 3.93234e-05
          95    0.049328   0.0490185 3.90464e-05
          96   0.0492274   0.0490207 3.86987e-05
          97   0.0488677   0.0490191 3.83301e-05
          98   0.0488134    0.049017  3.7995e-05
          99   0.0483176   0.0490099 3.82671e-05
         100    0.049153   0.0490114 3.79095e-05
         101   0.0494509   0.0490157 3.77837e-05
         102   0.0490801   0.0490164 3.74168e-05
         103   0.0488221   0.0490145 3.70997e-05
         104   0.0495487   0.0490196 3.70986e-05
         105   0.0487818   0.0490173 3.68133e-05
         106   0.0492422   0.0490195 3.65261e-05
         107   0.0489578   0.0490189 3.61877e-05
         108    0.049268   0.0490212 3.59252e-05
         109   0.0489365   0.0490204 3.56025e-05
         110   0.0486236   0.0490168 3.54613e-05
         111   0.0480817   0.0490084 3.61361e-05
         112   0.0492735   0.0490107 3.58901e-05
         113   0.0492038   0.0490125 3.56121e-05
         114   0.0494021   0.0490159 3.54634e-05
         115    0.048686    0.049013 3.52705e-05
         116   0.0490407   0.0490132 3.49659e-05
         117   0.0489241   0.0490125 3.46741e-05
         118   0.0491892    0.049014 3.44116e-05
         119   0.0487988   0.0490122 3.41691e-05
         120   0.0494801   0.0490161 3.41068e-05
         121   0.0490608   0.0490164 3.38258e-05
         122   0.0488822   0.0490153 3.35654e-05
         123   0.0491992   0.0490168  3.3325e-05
         124    0.049226   0.0490185 3.30981e-05
         125   0.0488118   0.0490169 3.28739e-05
         126   0.0488262   0.0490154 3.26471e-05
         127   0.0493614   0.0490181 3.25034e-05
         128   0.0500294    0.049026 3.32023e-05
         129   0.0486305   0.0490229 3.30862e-05
         130    0.049473   0.0490264 3.30128e-05
         131   0.0495026     0.04903 3.29609e-05
         132   0.0489778   0.0490296 3.27126e-05
         133   0.0490668   0.0490299 3.24669e-05
         134   0.0484804   0.0490258 3.24836e-05
         135   0.0491452   0.0490267 3.22542e-05
         136   0.0487675   0.0490248 3.20729e-05
         137   0.0481611   0.0490185 3.24561e-05
         138   0.0489294   0.0490178 3.22265e-05
         139   0.0486713   0.0490153 3.20908e-05
         140   0.0487539   0.0490135 3.19155e-05
         141   0.0490918    0.049014 3.16932e-05
         142   0.0492842   0.0490159 3.15267e-05
         143   0.0485004   0.0490123 3.15123e-05
         144   0.0492434   0.0490139 3.13338e-05
         145   0.0484644   0.0490101 3.13469e-05
         146    0.049092   0.0490107 3.11365e-05
         147   0.0489029     0.04901 3.09327e-05
         148   0.0496901   0.0490146 3.10648e-05
         149    0.048619   0.0490119 3.09696e-05
         150   0.0490368   0.0490121 3.07629e-05
         151   0.0487169   0.0490101 3.06209e-05
         152    0.049022   0.0490102 3.04189e-05
         153   0.0492786   0.0490119 3.02703e-05
         154   0.0486747   0.0490098 3.01527e-05
         155   0.0489743   0.0490095 2.99584e-05
         156   0.0492657   0.0490112  2.9811e-05
         157   0.0492523   0.0490127 2.96603e-05
         158   0.0489063    0.049012 2.94797e-05
         159   0.0494669   0.0490149 2.94331e-05
         160    0.048811   0.0490136 2.92763e-05
         161   0.0496457   0.0490175 2.93576e-05
         162   0.0487162   0.0490157 2.92351e-05
         163   0.0491166   0.0490163 2.90617e-05
         164   0.0498684   0.0490215 2.93476e-05
         165   0.0488423   0.0490204 2.91894e-05
         166   0.0495906   0.0490238 2.92157e-05
         167    0.048925   0.0490233 2.90462e-05
         168   0.0490255   0.0490233 2.88728e-05
         169   0.0494411   0.0490257 2.88078e-05
         170   0.0489744   0.0490254 2.86394e-05
         171    0.049307   0.0490271  2.8519e-05
         172   0.0487124   0.0490253 2.84117e-05
         173   0.0489497   0.0490248 2.82503e-05
         174   0.0491825   0.0490257 2.81021e-05
         175   0.0485644   0.0490231 2.80652e-05
         176   0.0483863   0.0490195 2.81389e-05
         177   0.0486941   0.0490176 2.80398e-05
         178   0.0485259   0.0490149 2.80183e-05
         179   0.0493917    0.049017 2.79408e-05
         180   0.0488015   0.0490158 2.78109e-05
         181    0.049241    0.049017 2.76848e-05
         182   0.0484413   0.0490139 2.77134e-05
         183   0.0491247   0.0490145 2.75682e-05
         184   0.0485379   0.0490119   2.754e-05
         185   0.0487487   0.0490105 2.74277e-05
         186   0.0483829   0.0490071 2.74877e-05
         187   0.0490353   0.0490072 2.73407e-05
         188   0.0490903   0.0490077 2.71985e-05
         189   0.0494077   0.0490098 2.71369e-05
         190   0.0494873   0.0490123 2.71104e-05
         191   0.0488356   0.0490114  2.6984e-05
         192   0.0493538   0.0490132 2.69022e-05
         193   0.0490111   0.0490131 2.67625e-05
         194   0.0494082   0.0490152 2.67019e-05
         195   0.0486687   0.0490134  2.6624e-05
         196   0.0488814   0.0490127 2.64964e-05
         197   0.0493099   0.0490142 2.64046e-05
         198   0.0484154   0.0490112 2.64445e-05
         199   0.0489375   0.0490108 2.63139e-05
         200   0.0487234   0.0490094 2.62214e-05
         201   0.0491772   0.0490102 2.61039e-05
         202   0.0489278   0.0490098 2.59776e-05
         203    0.048989   0.0490097 2.58495e-05
         204   0.0488931   0.0490092 2.57288e-05
         205   0.0495303   0.0490117 2.57289e-05
         206   0.0490686    0.049012 2.56052e-05
         207   0.0486941   0.0490104 2.55274e-05
         208   0.0490713   0.0490107 2.54061e-05
         209   0.0494821    0.049013 2.53846e-05
         210   0.0495424   0.0490155 2.53889e-05
         211   0.0494388   0.0490175 2.53478e-05
         212   0.0493732   0.0490192 2.52837e-05
         213   0.0485658   0.0490171 2.52545e-05
         214   0.0487968    0.049016 2.51573e-05
         215   0.0488964   0.0490155 2.50462e-05
         216   0.0484799    0.049013  2.5053e-05
         217   0.0492036   0.0490139 2.49527e-05
         218    0.049081   0.0490142 2.48399e-05
         219   0.0489911   0.0490141 2.47265e-05
         220   0.0491858   0.0490149 2.46262e-05
         221   0.0486656   0.0490133 2.45654e-05
         222   0.0490462   0.0490134 2.44549e-05
         223   0.0489279    0.049013  2.4348e-05
         224   0.0492498   0.0490141 2.42621e-05
         225   0.0489795    0.049014 2.41545e-05
         226   0.0491305   0.0490145  2.4053e-05
         227   0.0490373   0.0490146  2.3947e-05
         228   0.0498454   0.0490182 2.41186e-05
         229   0.0489548   0.0490179 2.40146e-05
         230   0.0487859   0.0490169 2.39313e-05
         231   0.0491568   0.0490175 2.38351e-05
         232   0.0492523   0.0490185 2.37537e-05
         233   0.0483642   0.0490157 2.38177e-05
         234   0.0489624   0.0490155 2.37168e-05
         235   0.0496209   0.0490181 2.37558e-05
         236   0.0490929   0.0490184  2.3657e-05
         237   0.0484954   0.0490162 2.36601e-05
         238    0.049058   0.0490164 2.35612e-05
         239   0.0495138   0.0490184 2.35545e-05
         240   0.0484022   0.0490159 2.35963e-05
         241   0.0485297   0.0490139 2.35846e-05
         242   0.0491157   0.0490143 2.34907e-05
         243   0.0489184   0.0490139 2.33972e-05
         244    0.049054   0.0490141 2.33017e-05
         245   0.0490971   0.0490144 2.32088e-05
         246   0.0489787   0.0490142 2.31148e-05
         247   0.0491187   0.0490147 2.30249e-05
         248   0.0490697   0.0490149 2.29329e-05
         249   0.0491257   0.0490153  2.2845e-05
         250    0.049274   0.0490164 2.27769e-05
         251   0.0488556   0.0490157  2.2695e-05
         252   0.0490834    0.049016 2.26064e-05
         253   0.0487252   0.0490149 2.25461e-05
         254    0.048941   0.0490146 2.24591e-05
         255   0.0486198    0.049013 2.24243e-05
         256   0.0486347   0.0490115 2.23854e-05
         257   0.0484466   0.0490093 2.24062e-05
         258   0.0493244   0.0490106 2.23526e-05
         259   0.0487416   0.0490095 2.22903e-05
         260   0.0490034   0.0490095 2.22044e-05
         261   0.0492094   0.0490103 2.21324e-05
         262   0.0486024   0.0490087 2.21027e-05
         263   0.0482722   0.0490059 2.21958e-05
         264   0.0493709   0.0490073 2.21548e-05
         265   0.0495911   0.0490095 2.21807e-05
         266   0.0491689   0.0490101 2.21053e-05
         267   0.0489807     0.04901 2.20226e-05
         268   0.0483976   0.0490077 2.20589e-05
         269   0.0486972   0.0490065 2.20071e-05
         270   0.0489032   0.0490062 2.19287e-05
         271   0.0483321   0.0490037 2.19888e-05
         272   0.0492993   0.0490048 2.19347e-05
         273   0.0486201   0.0490033 2.18996e-05
         274   0.0491251   0.0490038 2.18241e-05
         275   0.0491211   0.0490042 2.17487e-05
         276   0.0490376   0.0490043 2.16701e-05
         277   0.0491947    0.049005 2.16027e-05
         278   0.0493652   0.0490063 2.15638e-05
         279   0.0488055   0.0490056 2.14984e-05
         280    0.049157   0.0490061 2.14283e-05
         281   0.0486776    0.049005 2.13839e-05
         282   0.0482679   0.0490024 2.14677e-05
         283   0.0488405   0.0490018 2.13993e-05
         284   0.0489413   0.0490016 2.13249e-05
         285    0.049501   0.0490033 2.13221e-05
         286   0.0492682   0.0490043 2.12676e-05
         287   0.0491499   0.0490048 2.11994e-05
         288    0.049483   0.0490064 2.11908e-05
         289   0.0483833   0.0490043 2.12272e-05
         290   0.0487497   0.0490034 2.11721e-05
         291    0.049437   0.0490049 2.11517e-05
         292   0.0487352    0.049004 2.10994e-05
         293   0.0487546   0.0490031 2.10445e-05
         294   0.0494314   0.0490046 2.10233e-05
         295   0.0492504   0.0490054 2.09685e-05
         296   0.0491522   0.0490059 2.09034e-05
         297   0.0491712   0.0490064 2.08403e-05
         298   0.0490166   0.0490065 2.07703e-05
         299   0.0479753    0.049003 2.09861e-05
         300   0.0487656   0.0490022  2.0931e-05
         301    0.048318       0.049 2.09848e-05
         302   0.0485713   0.0489985 2.09633e-05
         303   0.0495497   0.0490004  2.0973e-05
         304   0.0482555   0.0489979  2.1047e-05
         305   0.0492166   0.0489986 2.09902e-05
         306   0.0485502   0.0489972 2.09727e-05
         307   0.0491752   0.0489977 2.09123e-05
         308   0.0496729   0.0489999 2.09593e-05
         309   0.0485605   0.0489985 2.09397e-05
         310   0.0495473   0.0490003  2.0947e-05
         311   0.0487317   0.0489994 2.08974e-05
         312   0.0491086   0.0489998 2.08332e-05
         313    0.048789   0.0489991 2.07775e-05
         314   0.0486124   0.0489979 2.07478e-05
         315   0.0489358   0.0489977 2.06828e-05
         316   0.0491079    0.048998 2.06201e-05
         317   0.0487686   0.0489973 2.05677e-05
         318   0.0489428   0.0489971 2.05037e-05
         319    0.049086   0.0489974 2.04412e-05
         320   0.0491834    0.048998 2.03855e-05
         321   0.0491112   0.0489983  2.0325e-05
         322   0.0494732   0.0489998 2.03153e-05
         323   0.0488873   0.0489995 2.02553e-05
         324   0.0483955   0.0489976 2.02786e-05
         325   0.0487829   0.0489969 2.02269e-05
         326   0.0490893   0.0489972 2.01667e-05
         327   0.0486617   0.0489962 2.01311e-05
         328   0.0490443   0.0489963 2.00702e-05
         329   0.0490811   0.0489966 2.00108e-05
         330   0.0491318    0.048997 1.99542e-05
         331   0.0489399   0.0489968 1.98946e-05
         332   0.0499079   0.0489996 2.00235e-05
         333   0.0489314   0.0489994 1.99644e-05
         334   0.0498899    0.049002 2.00823e-05
         335   0.0494425   0.0490034 2.00654e-05
         336   0.0491829   0.0490039 2.00127e-05
         337   0.0487958   0.0490033 1.99628e-05
         338    0.048649   0.0490022 1.99312e-05
         339   0.0489582   0.0490021 1.98727e-05
         340   0.0488395   0.0490016   1.982e-05
         341   0.0489269   0.0490014  1.9763e-05
         342   0.0495328    0.049003 1.97663e-05
         343   0.0492049   0.0490035 1.97174e-05
         344   0.0490021   0.0490035   1.966e-05
         345   0.0486645   0.0490026 1.96275e-05
         346   0.0493695   0.0490036 1.95994e-05
         347   0.0491024   0.0490039 1.95449e-05
         348   0.0486492   0.0490029 1.95153e-05
         349    0.048913   0.0490026  1.9461e-05
         350   0.0495693   0.0490042 1.94728e-05
         351   0.0488817   0.0490039 1.94203e-05
         352   0.0492081   0.0490045 1.93738e-05
         353   0.0487902   0.0490039 1.93283e-05
         354   0.0490169   0.0490039 1.92737e-05
         355   0.0492506   0.0490046 1.92319e-05
         356   0.0490873   0.0490048 1.91792e-05
         357   0.0493794   0.0490059 1.91542e-05
         358   0.0489812   0.0490058 1.91007e-05
         359   0.0491129   0.0490061 1.90498e-05
         360   0.0487388   0.0490054 1.90113e-05
         361   0.0492447    0.049006 1.89701e-05
         362    0.048623    0.049005 1.89472e-05
         363   0.0489154   0.0490047 1.88966e-05
         364    0.049695   0.0490066 1.89397e-05
         365    0.048752   0.0490059 1.89007e-05
         366   0.0488901   0.0490056 1.88516e-05
         367     0.04881   0.0490051 1.88077e-05
         368   0.0490339   0.0490052 1.87567e-05
         369   0.0491786   0.0490056 1.87117e-05
         370   0.0488133   0.0490051 1.86683e-05
         371   0.0492984   0.0490059 1.86347e-05
         372   0.0487542   0.0490052 1.85968e-05
         373   0.0493691   0.0490062 1.85726e-05
         374    0.048395   0.0490046 1.85948e-05
         375   0.0488149   0.0490041  1.8552e-05
         376   0.0491402   0.0490044 1.85062e-05
         377   0.0491415   0.0490048 1.84606e-05
         378   0.0491274   0.0490051 1.84145e-05
         379   0.0489084   0.0490048 1.83677e-05
         380   0.0496127   0.0490064  1.8389e-05
         381   0.0491767   0.0490069 1.83461e-05
         382    0.048594   0.0490058 1.83299e-05
         383   0.0492475   0.0490064 1.82929e-05
         384   0.0485377   0.0490052  1.8286e-05
         385   0.0488224   0.0490047 1.82446e-05
         386   0.0489222   0.0490045 1.81985e-05
         387   0.0489894   0.0490045 1.81515e-05
         388   0.0488385   0.0490041 1.81097e-05
         389   0.0489325   0.0490039  1.8064e-05
         390   0.0493319   0.0490047 1.80372e-05
         391   0.0489863   0.0490047 1.79911e-05
         392   0.0489869   0.0490046 1.79452e-05
         393     0.04906   0.0490048 1.79001e-05
         394   0.0484482   0.0490034 1.79104e-05
         395   0.0495997   0.0490049 1.79286e-05
         396   0.0488191   0.0490044 1.78895e-05
         397   0.0489784   0.0490043 1.78445e-05
         398   0.0489221   0.0490041 1.78008e-05
         399    0.049395   0.0490051 1.77831e-05
         400   0.0491819   0.0490056 1.77441e-05
         401   0.0483989    0.049004 1.77643e-05
         402    0.048813   0.0490036 1.77265e-05
         403   0.0488957   0.0490033 1.76844e-05
         404   0.0485727   0.0490022 1.76728e-05
         405   0.0487716   0.0490017 1.76383e-05
         406   0.0495666   0.0490031 1.76497e-05
         407   0.0492289   0.0490036  1.7615e-05
         408   0.0494187   0.0490046 1.76012e-05
         409   0.0485884   0.0490036 1.75876e-05
         410   0.0491672    0.049004 1.75492e-05
         411   0.0491903   0.0490045 1.75123e-05
         412   0.0490563   0.0490046 1.74702e-05
         413   0.0486384   0.0490037 1.74504e-05
         414   0.0493576   0.0490046 1.74292e-05
         415   0.0489945   0.0490045 1.73871e-05
         416   0.0488958   0.0490043 1.73473e-05
         417   0.0488397   0.0490039 1.73101e-05
         418   0.0486454    0.049003 1.72899e-05
         419   0.0494258    0.049004 1.72781e-05
         420   0.0487505   0.0490034 1.72475e-05
         421    0.049212   0.0490039 1.72136e-05
         422   0.0490784   0.0490041 1.71737e-05
         423   0.0491966   0.0490045 1.71391e-05
         424   0.0490529   0.0490047  1.7099e-05
         425   0.0492477   0.0490052 1.70683e-05
         426   0.0486918   0.0490045 1.70441e-05
         427   0.0483973   0.0490031 1.70635e-05
         428   0.0491813   0.0490035 1.70286e-05
         429   0.0497637   0.0490053 1.70811e-05
         430   0.0484189   0.0490039 1.70958e-05
         431   0.0489681   0.0490038 1.70563e-05
         432   0.0488269   0.0490034 1.70217e-05
         433   0.0494009   0.0490043 1.70071e-05
         434   0.0490773   0.0490045 1.69687e-05
         435   0.0482687   0.0490028 1.70139e-05
         436   0.0491315   0.0490031 1.69774e-05
         437   0.0491901   0.0490035  1.6944e-05
         438   0.0492376   0.0490041 1.69137e-05
         439    0.049186   0.0490045 1.68802e-05
         440   0.0493286   0.0490052 1.68579e-05
         441   0.0490423   0.0490053 1.68198e-05
         442   0.0490957   0.0490055  1.6783e-05
         443   0.0493549   0.0490063 1.67636e-05
         444   0.0488185   0.0490059 1.67312e-05
         445   0.0485828   0.0490049 1.67206e-05
         446   0.0488219   0.0490045 1.66881e-05
         447   0.0491144   0.0490048 1.66525e-05
         448    0.048996   0.0490047 1.66153e-05
         449   0.0492657   0.0490053 1.65885e-05
         450    0.048813   0.0490049 1.65571e-05
         451   0.0488151   0.0490045 1.65257e-05
         452   0.0486578   0.0490037 1.65069e-05
         453   0.0488159   0.0490033 1.64757e-05
         454   0.0494125   0.0490042  1.6464e-05
         455   0.0483745   0.0490028  1.6486e-05
         456   0.0490371   0.0490029   1.645e-05
         457   0.0493216   0.0490036 1.64287e-05
         458   0.0489345   0.0490034 1.63935e-05
         459   0.0485068   0.0490023 1.63935e-05
         460    0.048216   0.0490006 1.64469e-05
         461    0.049601   0.0490019 1.64628e-05
         462    0.048668   0.0490012  1.6443e-05
         463   0.0493084   0.0490019 1.64209e-05
         464   0.0486887   0.0490012 1.63993e-05
         465   0.0491082   0.0490014 1.63656e-05
         466   0.0490572   0.0490015 1.63309e-05
         467    0.048956   0.0490015 1.62962e-05
         468   0.0487676    0.049001  1.6269e-05
         469   0.0487942   0.0490005 1.62403e-05
         470   0.0495088   0.0490016 1.62417e-05
         471    0.049158   0.0490019 1.62106e-05
         472   0.0487865   0.0490015 1.61827e-05
         473   0.0492816   0.0490021 1.61593e-05
         474   0.0489106   0.0490019 1.61263e-05
         475   0.0488624   0.0490016  1.6095e-05
         476   0.0491333   0.0490018 1.60635e-05
         477   0.0493848   0.0490027 1.60499e-05
         478   0.0484055   0.0490014  1.6065e-05
         479   0.0485186   0.0490004  1.6063e-05
         480   0.0487753   0.0489999 1.60364e-05
         481   0.0495058    0.049001 1.60375e-05
         482   0.0494821    0.049002 1.60353e-05
         483   0.0484712   0.0490009 1.60398e-05
         484   0.0494631   0.0490018 1.60351e-05
         485   0.0494058   0.0490027 1.60237e-05
         486    0.048621   0.0490019 1.60099e-05
         487   0.0489285   0.0490017 1.59777e-05
         488   0.0489148   0.0490016 1.59459e-05
         489   0.0488465   0.0490012 1.59165e-05
         490   0.0489997   0.0490012 1.58839e-05
         491   0.0489274   0.0490011 1.58523e-05
         492   0.0491495   0.0490014 1.58229e-05
         493   0.0484364   0.0490002 1.58323e-05
         494   0.0492324   0.0490007 1.58072e-05
         495   0.0488276   0.0490004 1.57791e-05
         496   0.0485808   0.0489995   1.577e-05
         497   0.0494033   0.0490003 1.57592e-05
         498   0.0492871   0.0490009  1.5738e-05
         499   0.0492523   0.0490014 1.57145e-05
         500   0.0491626   0.0490017 1.56864e-05
