           0           0           0
    0.064633           0           0
    0.129266           0           0
    0.193899           0           0
    0.258532           0           0
    0.323165           0           0
    0.387798           0           0
    0.452431           0           0
    0.517064           0           0
    0.581697           0           0
     0.64633           0           0
    0.710963           0           0
    0.775596           0           0
     0.84023 0.000935142 3.89686e-05
    0.904863    0.148348 0.000479181
    0.969496     1.06288  0.00148982
     1.03413     2.03795  0.00240335
     1.09876       2.269  0.00260522
     1.16339     2.08489  0.00218042
     1.22803     1.83204  0.00184599
     1.29266     1.61701  0.00157566
     1.35729     1.45342  0.00139896
     1.42193     1.33594  0.00122329
     1.48656     1.25011   0.0010787
     1.55119      1.1886  0.00101997
     1.61583     1.14517 0.000942655
     1.68046     1.11289  0.00091294
     1.74509     1.09084 0.000830148
     1.80973     1.07544 0.000839406
     1.87436     1.06477 0.000731855
     1.93899     1.06138  0.00075712
     2.00362     1.05729 0.000740769
     2.06826     1.05418 0.000708627
     2.13289     1.05171 0.000666862
     2.19752     1.04945 0.000660894
     2.26216     1.04249 0.000619188
     2.32679     1.03811 0.000616703
     2.39142     1.03196 0.000623956
     2.45606     1.02634 0.000569729
     2.52069     1.02109 0.000571387
     2.58532     1.01745 0.000545637
     2.64995     1.01326 0.000514568
     2.71459     1.01081 0.000512095
     2.77922     1.00774 0.000482113
     2.84385     1.00459 0.000494352
     2.90849     1.00275 0.000485613
     2.97312     1.00199 0.000486923
     3.03775     1.00089 0.000464692
     3.10239    0.998096 0.000445855
     3.16702    0.997685  0.00044517
     3.23165     0.99673 0.000423092
     3.29629    0.996094 0.000423018
     3.36092     0.99473 0.000399466
     3.42555    0.993594 0.000378927
     3.49018    0.992887  0.00037609
     3.55482    0.992677 0.000395497
     3.61945    0.992192 0.000365189
     3.68408    0.991273 0.000376187
     3.74872    0.990769 0.000351825
     3.81335    0.990042 0.000341264
     3.87798    0.990058 0.000345691
     3.94262    0.989851  0.00032944
     4.00725    0.988877 0.000324107
     4.07188    0.989193  0.00031557
     4.13651    0.988523 0.000324706
     4.20115    0.988349  0.00032631
     4.26578    0.987878 0.000315065
     4.33041    0.988146 0.000292873
     4.39505    0.987715 0.000290768
     4.45968    0.987571 0.000288156
     4.52431    0.987191 0.000299954
     4.58895    0.987367 0.000292009
     4.65358    0.987205 0.000277939
     4.71821     0.98733  0.00028438
     4.78285     0.98704 0.000294369
     4.84748    0.986618 0.000281174
     4.91211    0.986924 0.000258743
     4.97674    0.987043   0.0002553
     5.04138    0.986406 0.000242264
     5.10601    0.986849 0.000250288
     5.17064    0.986357  0.00024931
     5.23528    0.986199 0.000253914
     5.29991    0.986331 0.000232282
     5.36454     0.98633 0.000248682
     5.42918    0.986109  0.00024794
     5.49381    0.986436 0.000236047
     5.55844    0.985794 0.000244462
     5.62307    0.986157 0.000245119
     5.68771    0.985987 0.000229495
     5.75234    0.986157 0.000217111
     5.81697    0.985956 0.000220069
     5.88161    0.986293 0.000218082
     5.94624    0.985596 0.000220913
     6.01087    0.985639 0.000214927
     6.07551    0.986194 0.000212119
     6.14014    0.986175 0.000200772
     6.20477    0.985888 0.000210708
      6.2694    0.986061 0.000217099
     6.33404    0.985591 0.000206559
     6.39867    0.985697 0.000207596
