1.09914
1.09618
1.09103
1.08348
1.07324
1.05997
1.04319
1.0224
0.997043
0.966642
0.930892
0.889808
0.843864
0.794144
0.742394
0.690966
0.64253
0.599708
0.56458
0.538377
0.521366
0.512941
0.511868
0.516545
0.52525
0.536335
0.548338
0.560072
0.570672
0.579604
0.586644
0.591858
0.595501
0.597944
0.599546
0.600582
0.601153
0.601209
0.600533
0.598805
0.595698
0.590965
0.584536
0.576543
0.567354
0.557528
0.547725
0.538599
0.530745
0.524621
0.520552
0.51871
0.519085
0.521506
0.525646
0.531057
0.537216
0.543561
0.549545
0.554674
0.558569
0.561025
0.562043
0.561801
0.560607
0.558863
0.556967
0.555281
0.554101
0.553686
0.554257
0.555957
0.558802
0.562618
0.567063
0.571718
0.57615
0.580055
0.583276
0.585809
0.587787
0.589422
0.590938
0.592527
0.594299
0.59628
0.598399
0.600516
0.602455
0.604011
0.605004
0.605281
0.604758
0.603444
0.601457
0.599031
0.596471
0.594092
0.59216
0.590831
0.590123
0.589876
0.589837
0.589696
0.58916
0.588049
0.586307
0.584012
0.58127
0.578132
0.574517
0.570226
0.565029
0.558781
0.551524
0.543475
0.535053
0.526796
0.519285
0.513051
0.50851
0.505879
0.505144
0.506053
0.508164
0.510965
0.514004
0.516992
0.519814
0.522508
0.525228
0.528159
0.531468
0.535258
0.539531
0.544161
0.548921
0.553553
0.557801
0.561541
0.564811
0.567741
0.570478
0.573062
0.575376
0.577187
0.578255
0.578425
0.577661
0.576048
0.57376
0.571107
0.568489
0.566413
0.565444
0.566139
0.568961
0.574145
0.581582
0.590793
0.600973
0.611146
0.620357
0.627831
0.633091
0.635962
0.636538
0.635074
0.631948
0.627629
0.622592
0.617302
0.612198
0.607634
0.603892
0.601118
0.599357
0.598545
0.598503
0.598967
0.599636
0.600216
0.600484
0.600305
0.599656
0.598596
0.597252
0.595797
0.59447
0.593552
0.593328
0.594055
0.595883
0.59878
0.602497
0.606614
0.610651
0.614177
0.616889
0.618664
0.619526
0.619618
0.619155
0.618385
0.617548
0.616845
0.616422
0.616365
0.616684
0.617299
0.618071
0.618816
0.619347
0.619501
0.619165
0.618289
0.616884
0.615024
0.612839
0.610468
0.60804
0.605622
0.603189
0.600601
0.597627
0.59402
0.589616
0.584457
0.57889
0.573547
0.569156
0.566262
0.565003
0.565112
0.566108
0.567578
0.569335
0.571473
0.574336
0.578354
0.583884
0.59107
0.599726
0.609325
0.619082
0.628116
0.6356
0.640903
0.643667
0.643794
0.641428
0.636924
0.630784
0.623615
0.616061
0.608714
0.602023
0.596252
0.591459
0.587586
0.584545
0.5823
0.580919
0.580504
0.581104
0.582607
0.584732
0.587074
0.58922
0.59087
0.591949
0.592649
0.59337
0.594595
0.596778
0.600149
0.604643
0.60989
0.61535
0.620485
0.624893
0.628304
0.630601
0.631753
0.631774
0.630686
0.62851
0.625266
0.621002
0.615779
0.60973
0.603038
0.595968
0.588851
0.582034
0.575826
0.570445
0.566002
0.562485
0.559804
0.557861
0.556605
0.556091
0.55644
0.557802
0.560243
0.563642
0.56766
0.571781
0.57548
0.578405
0.580579
0.582456
0.584786
0.588266
0.593048
0.598466
0.603261
0.6062
0.606646
0.604737
0.601209
0.597078
0.593358
0.590829
0.58992
0.590695
0.592914
0.596102
0.599619
0.602783
0.605001
0.605845
0.605128
0.602892
0.599362
0.594921
0.590034
0.585191
0.580846
0.577393
0.575095
0.574081
0.574364
0.575854
0.578401
0.581826
0.585931
0.590494
0.595265
0.59995
0.604253
0.607896
0.610684
0.612534
0.613485
0.61366
0.613258
0.612488
0.611552
0.610652
0.609916
0.609357
0.608885
0.608283
0.607274
0.605588
0.603029
0.599517
0.595107
0.589961
0.584287
0.578253
0.571985
0.565534
0.558889
0.551962
0.544582
0.53654
0.527666
0.517995
0.507927
0.49829
0.490251
0.484999
0.483399
0.485738
0.491704
0.500554
0.511355
0.523176
0.535157
0.546544
0.556681
0.56506
0.571391
0.575633
0.577981
0.578811
0.578569
0.57769
0.576496
0.575166
0.573726
0.572098
0.570144
0.567765
0.564925
0.561724
0.558393
0.555271
0.552743
0.551138
0.550606
0.551038
0.552074
0.553209
0.553981
0.554115
0.553591
0.552674
0.55182
0.551544
0.552258
0.55413
0.55701
0.560512
0.564106
0.5672
0.569265
0.569904
0.568894
0.566184
0.561902
0.556348
0.549963
0.543319
0.537102
0.532071
0.528969
0.528396
0.530632
0.535567
0.542727
0.551381
0.560683
0.569804
0.578047
0.584881
0.589946
0.593037
0.594053
0.592993
0.589921
0.58495
0.578311
0.570371
0.561689
0.553021
0.545229
0.539096
0.535142
0.533501
0.533934
0.535988
0.53915
0.542952
0.547021
0.55112
0.555114
0.558942
0.562604
0.566108
0.569438
0.572549
0.575376
0.577816
0.579786
0.581199
0.581999
0.582199
0.581841
0.580983
0.579658
0.577878
0.575614
0.572814
0.569452
0.565556
0.56124
0.556749
0.552427
0.548659
0.545815
0.544154
0.543749
0.544492
0.546112
0.548233
0.550413
0.552203
0.553167
0.552945
0.551336
0.548381
0.544413
0.540105
0.536333
0.533983
0.533702
0.535712
0.539814
0.545519
0.552217
0.55931
0.566289
0.572744
0.578323
0.582718
0.585652
0.586863
0.586116
0.583264
0.578265
0.571195
0.562266
0.551819
0.54031
0.528318
0.516531
0.505708
0.496606
0.48989
0.486024
0.485229
0.487452
0.492442
0.499796
0.50899
0.519448
0.530545
0.541655
0.552194
0.561682
0.569723
0.576034
0.580447
0.582877
0.583358
0.582018
0.579081
0.574929
0.570062
0.565061
0.560533
0.557049
0.555092
0.554955
0.556711
0.560186
0.564963
0.570478
0.576142
0.581407
0.585869
0.589244
0.591423
0.592452
0.592491
0.591832
0.590839
0.58989
0.589333
0.58942
0.590258
0.591793
0.593833
0.596048
0.598042
0.599404
0.599723
0.598654
0.59593
0.591418
0.585108
0.577128
0.567748
0.55738
0.546567
0.535945
0.526174
0.517825
0.511272
0.506624
0.503748
0.502348
0.502048
0.502471
0.503309
0.504342
0.505433
0.506521
0.507605
0.508735
0.509978
0.511355
0.51285
0.51438
0.515821
0.517039
0.517915
0.518391
0.51848
0.518236
0.517758
0.517136
0.516456
0.515807
0.515333
0.515255
0.515888
0.517584
0.520629
0.525132
0.530976
0.537806
0.54513
0.552433
0.559297
0.565481
0.570938
0.575771
0.580168
0.584318
0.588353
0.592316
0.596146
0.599701
0.602792
0.60528
0.607123
0.608371
0.609082
0.60922
0.608636
0.607086
0.604376
0.600464
0.5955
0.589836
0.583919
0.578217
0.573124
0.568885
0.565641
0.563453
0.562328
0.562239
0.563128
0.56487
0.567271
0.570069
0.57292
0.575451
0.577309
0.578247
0.578183
0.577261
0.57585
0.57449
0.573746
0.574027
0.575412
0.577658
0.58029
0.582749
0.584514
0.585186
0.584473
0.582249
0.578547
0.573622
0.567986
0.562432
0.557927
0.555312
0.554978
0.556605
0.559164
0.561154
0.561027
0.557655
0.550637
0.540491
0.528604
0.51688
0.507147
0.500632
0.497715
0.498102
0.501193
0.506351
0.513007
0.520655
0.528779
0.536773
0.543968
0.54966
0.553257
0.554439
0.553323
0.550478
0.546822
0.543303
0.540573
0.538801
0.53777
0.537116
0.536561
0.535999
0.535466
0.535019
0.53465
0.534205
0.533438
0.532069
0.529881
0.526783
0.522894
0.518527
0.514176
0.510415
0.507788
0.506709
0.507371
0.509707
0.513419
0.518066
0.523204
0.528496
0.533806
0.539184
0.544807
0.550843
0.557345
0.56418
0.571055
0.57758
0.58334
0.587943
0.591094
0.592591
0.592309
0.590236
0.586481
0.581282
0.575036
0.568269
0.561573
0.555558
0.550788
0.547735
0.546745
0.547976
0.551338
0.556518
0.563019
0.570213
0.577433
0.584052
0.589524
0.59343
0.595508
0.595648
0.593885
0.590391
0.585484
0.579655
0.57354
0.56786
0.563293
0.560369
0.559345
0.560111
0.562116
0.564442
0.566001
0.565804
0.563271
0.558384
0.55166
0.544001
0.536456
0.52991
0.524887
0.521492
0.519475
0.518459
0.518129
0.518259
0.518623
0.518858
0.518435
0.516834
0.5138
0.50955
0.504762
0.500417
0.497474
0.496585
0.497842
0.500795
0.504629
0.508422
0.511382
0.513022
0.513209
0.512205
0.5106
0.50919
0.508782
0.510025
0.513305
0.518744
0.526236
0.535553
0.546374
0.558288
0.570814
0.583411
0.595461
0.606343
0.615453
0.622272
0.626428
0.627742
0.626238
0.622159
0.615968
0.608304
0.59993
0.591631
0.584088
0.577762
0.572816
0.569114
0.566298
0.563882
0.56138
0.558418
0.554809
0.550578
0.545939
0.541255
0.536953
0.533428
0.530974
0.529765
0.529814
0.531024
0.533217
0.536202
0.539826
0.543968
0.548599
0.553745
0.559471
0.565837
0.572803
0.580186
0.587612
0.594525
0.60028
0.604326
0.606349
0.606308
0.604408
0.601003
0.596484
0.591216
0.585549
0.579835
0.574428
0.569647
0.56574
0.562839
0.560929
0.55984
0.559265
0.558823
0.558102
0.556756
0.554654
0.552036
0.549603
0.548382
0.549341
0.552895
0.55863
0.565484
0.572238
0.577965
0.582194
0.584834
0.586074
0.58626
0.585805
0.585117
0.584573
0.584422
0.584776
0.585552
0.586507
0.587312
0.587585
0.586971
0.585155
0.58185
0.576825
0.569916
0.561124
0.550689
0.539187
0.527544
0.516958
0.508689
0.503752
0.502663
0.505276
0.510865
0.518344
0.526544
0.534465
0.541442
0.547163
0.551703
0.555408
0.558763
0.56221
0.566003
0.57012
0.574291
0.578121
0.581245
0.583403
0.584492
0.584543
0.583649
0.581929
0.579453
0.576218
0.572153
0.567239
0.561545
0.55533
0.549094
0.543515
0.539327
0.537172
0.53744
0.540189
0.545117
0.55164
0.55899
0.566325
0.572889
0.57807
0.581478
0.582938
0.582517
0.580466
0.577196
0.573229
0.569086
0.565194
0.561784
0.558854
0.556153
0.553264
0.549724
0.545117
0.539238
0.53219
0.524414
0.516611
0.509561
0.503862
0.499793
0.497348
0.496434
0.497039
0.499286
0.503408
0.509636
0.518052
0.528492
0.54047
0.553224
0.565832
0.576324
0.577415
1.11033
1.11344
1.10908
1.09811
1.08155
1.06045
1.03585
1.00882
0.980569
0.952555
0.926486
0.904268
0.887601
0.877492
0.873822
0.875245
0.879504
0.884073
0.886761
0.886147
0.881747
0.87393
0.86381
0.853243
0.844773
0.841216
0.844629
0.855245
0.871305
0.889879
0.908006
0.923335
0.934228
0.93966
0.939228
0.933137
0.922303
0.908291
0.89309
0.878757
0.867031
0.859053
0.855333
0.855785
0.859758
0.866131
0.873451
0.880127
0.884723
0.886288
0.884713
0.88094
0.876741
0.873836
0.873002
0.874069
0.876607
0.880393
0.885308
0.89106
0.897103
0.902789
0.907594
0.911261
0.913766
0.915116
0.915202
0.913619
0.909697
0.902727
0.892305
0.878782
0.863557
0.848968
0.837535
0.830925
0.82924
0.831194
0.834965
0.838934
0.841952
0.843328
0.842577
0.839235
0.8328
0.822888
0.809601
0.793867
0.77763
0.763653
0.754999
0.754198
0.762291
0.77812
0.798593
0.819796
0.838307
0.851873
0.859588
0.861661
0.859153
0.853812
0.847868
0.843696
0.843297
0.847778
0.857057
0.869966
0.884722
0.899313
0.911808
0.920556
0.924432
0.923067
0.91695
0.907282
0.895639
0.883637
0.872655
0.863588
0.856792
0.852121
0.849064
0.846986
0.845294
0.843567
0.841584
0.839354
0.837063
0.835135
0.834109
0.834655
0.837355
0.842369
0.849169
0.856585
0.863215
0.867976
0.870452
0.870862
0.869667
0.867259
0.863848
0.85965
0.855187
0.851281
0.848884
0.84876
0.851295
0.856477
0.864022
0.873403
0.883809
0.894012
0.902308
0.906801
0.905856
0.89872
0.886078
0.87018
0.854446
0.842434
0.83652
0.836766
0.840892
0.845479
0.847524
0.845281
0.838375
0.827461
0.81385
0.799208
0.785334
0.773947
0.766452
0.763708
0.76593
0.772696
0.78312
0.79607
0.810291
0.824426
0.837115
0.847233
0.854199
0.858113
0.859693
0.86005
0.860338
0.861444
0.863805
0.86738
0.87172
0.876124
0.879873
0.882437
0.883662
0.883733
0.883091
0.882294
0.881857
0.88218
0.883337
0.884919
0.8861
0.88598
0.884027
0.880392
0.87602
0.872375
0.870854
0.872084
0.875491
0.879459
0.881962
0.881298
0.876532
0.867633
0.855414
0.841368
0.82746
0.815837
0.808433
0.806523
0.810477
0.819747
0.833061
0.848737
0.864982
0.880107
0.892686
0.901679
0.906501
0.907045
0.903639
0.896956
0.887828
0.877184
0.866094
0.855938
0.84844
0.845451
0.848293
0.85694
0.869687
0.883689
0.896072
0.904903
0.909626
0.910963
0.910535
0.91034
0.912268
0.917549
0.926337
0.93758
0.949272
0.959082
0.965003
0.965801
0.961168
0.951692
0.938638
0.923693
0.908629
0.894969
0.883705
0.875184
0.869261
0.865564
0.863863
0.864265
0.866971
0.871611
0.87681
0.880383
0.880175
0.874863
0.864332
0.849573
0.832278
0.814495
0.798303
0.785579
0.777792
0.775915
0.780233
0.790272
0.804846
0.822215
0.840418
0.857635
0.872446
0.883954
0.89173
0.895759
0.896276
0.89372
0.888684
0.881859
0.874043
0.866099
0.858923
0.853405
0.850417
0.850655
0.854448
0.861521
0.870894
0.881087
0.890417
0.897347
0.900725
0.899879
0.894705
0.885669
0.873858
0.860987
0.849194
0.840456
0.835734
0.834444
0.834782
0.834847
0.83369
0.831627
0.829793
0.829281
0.830471
0.832879
0.835464
0.837092
0.836934
0.83463
0.830468
0.825368
0.820751
0.818051
0.818167
0.821035
0.825714
0.830836
0.835137
0.837766
0.838377
0.837063
0.834262
0.830678
0.827165
0.824548
0.823464
0.824137
0.826249
0.829041
0.831512
0.832721
0.832098
0.829597
0.825764
0.821649
0.81859
0.817771
0.819757
0.824256
0.830375
0.837072
0.843624
0.849737
0.855309
0.860125
0.863669
0.865241
0.864318
0.860914
0.855722
0.849992
0.845213
0.842677
0.843077
0.846234
0.851258
0.857004
0.862493
0.867144
0.87079
0.873541
0.875621
0.877184
0.878248
0.878687
0.878349
0.877184
0.875365
0.873263
0.871338
0.869983
0.869483
0.869972
0.871442
0.873774
0.876745
0.88009
0.883574
0.887013
0.890231
0.893008
0.895015
0.89584
0.895026
0.892246
0.887577
0.881702
0.875869
0.871463
0.869414
0.869905
0.872489
0.876501
0.881304
0.886354
0.891023
0.894502
0.895935
0.89476
0.890965
0.885201
0.878568
0.872134
0.866435
0.861317
0.856215
0.850636
0.844533
0.838369
0.832902
0.828842
0.826677
0.826696
0.829122
0.834129
0.841598
0.850705
0.859844
0.867066
0.870979
0.871393
0.869488
0.867342
0.867011
0.869717
0.875529
0.883635
0.892651
0.900938
0.90691
0.909312
0.907474
0.90136
0.8915
0.878785
0.864327
0.849382
0.835339
0.823794
0.81644
0.814708
0.819343
0.829996
0.84521
0.862844
0.8808
0.897567
0.9124
0.925021
0.935254
0.942815
0.947263
0.948115
0.944957
0.937532
0.925793
0.910022
0.890987
0.870097
0.849218
0.830226
0.814387
0.802036
0.792704
0.785665
0.780379
0.776644
0.774463
0.773945
0.775195
0.778201
0.782751
0.788459
0.794932
0.801918
0.809365
0.817283
0.82561
0.834167
0.842681
0.850809
0.858126
0.864185
0.868587
0.871113
0.871848
0.871203
0.869826
0.868369
0.86726
0.866582
0.866166
0.865885
0.865903
0.866722
0.868927
0.872685
0.87751
0.882332
0.885928
0.887427
0.886692
0.884313
0.881372
0.87896
0.877775
0.877903
0.879018
0.880776
0.882951
0.885373
0.887779
0.889706
0.890567
0.889873
0.88748
0.88364
0.878888
0.873767
0.868599
0.863456
0.858353
0.853436
0.848952
0.845034
0.841504
0.837861
0.833478
0.82791
0.821235
0.814214
0.808203
0.804824
0.805455
0.81075
0.820393
0.833294
0.847986
0.863098
0.877628
0.89099
0.902845
0.912954
0.921094
0.927087
0.930848
0.932435
0.931999
0.929686
0.925593
0.919711
0.911962
0.902409
0.891468
0.880029
0.869433
0.861156
0.856296
0.855084
0.85677
0.859979
0.863269
0.865702
0.867102
0.867819
0.868177
0.86806
0.866946
0.8644
0.86056
0.856244
0.85255
0.85037
0.849916
0.850644
0.851517
0.851452
0.849725
0.846202
0.841258
0.835519
0.829609
0.824021
0.819065
0.814895
0.811566
0.809105
0.807673
0.807765
0.810274
0.81634
0.826843
0.841867
0.860482
0.881003
0.901579
0.920528
0.936444
0.948179
0.954893
0.956202
0.952345
0.944162
0.932819
0.919451
0.905004
0.890383
0.876655
0.865076
0.856801
0.852471
0.852086
0.855128
0.860761
0.868074
0.875998
0.883275
0.888524
0.8906
0.888978
0.883996
0.876902
0.869586
0.864082
0.862044
0.864398
0.871335
0.882433
0.896716
0.912657
0.928284
0.941471
0.950311
0.953474
0.950497
0.94193
0.929403
0.915549
0.903507
0.896031
0.894411
0.897987
0.904677
0.91197
0.917788
0.920811
0.92052
0.917209
0.912031
0.906816
0.903636
0.904049
0.908469
0.916083
0.925353
0.934751
0.943167
0.950031
0.955221
0.958801
0.960817
0.961276
0.960209
0.957738
0.953976
0.948959
0.94259
0.934682
0.925085
0.91374
0.90067
0.886006
0.870032
0.853223
0.836286
0.820142
0.805887
0.794632
0.787422
0.785037
0.787763
0.795179
0.80611
0.818891
0.831826
0.843549
0.853235
0.860652
0.86612
0.87046
0.874758
0.879936
0.886236
0.892991
0.898819
0.902121
0.901571
0.896466
0.886875
0.873689
0.858539
0.843581
0.831079
0.822898
0.82005
0.822458
0.829059
0.838218
0.848318
0.858178
0.867258
0.875611
0.883713
0.892158
0.901356
0.91125
0.921191
0.930127
0.936967
0.940959
0.941875
0.940066
0.93624
0.931171
0.925376
0.91895
0.911623
0.903006
0.893002
0.882017
0.87095
0.860841
0.852542
0.846527
0.842921
0.84152
0.841815
0.843095
0.844616
0.845828
0.846611
0.84733
0.848732
0.85165
0.856647
0.86371
0.87217
0.880902
0.888556
0.893803
0.895546
0.893165
0.886699
0.876877
0.864905
0.852012
0.839063
0.82647
0.814411
0.803203
0.793537
0.786391
0.782703
0.782971
0.787012
0.794099
0.803327
0.814032
0.82601
0.83932
0.853883
0.868992
0.883198
0.894682
0.901915
0.904198
0.901837
0.895837
0.887333
0.877096
0.865454
0.85261
0.839276
0.82709
0.818411
0.815296
0.818224
0.825636
0.834634
0.842283
0.84659
0.846831
0.843521
0.838108
0.832549
0.82873
0.827852
0.829937
0.834007
0.838693
0.842813
0.845727
0.847287
0.847595
0.846852
0.845414
0.843977
0.843614
0.845467
0.850259
0.857932
0.867621
0.878085
0.888203
0.897272
0.904975
0.910986
0.914743
0.915656
0.913567
0.908955
0.902812
0.896244
0.890155
0.885102
0.881392
0.879253
0.878948
0.880633
0.884275
0.889543
0.895858
0.902363
0.90794
0.911177
0.910585
0.904983
0.893966
0.878248
0.859648
0.840699
0.824022
0.811581
0.804304
0.80212
0.804329
0.809894
0.817587
0.826053
0.833906
0.839936
0.843364
0.843983
0.842227
0.838981
0.835293
0.83205
0.829773
0.828596
0.828289
0.828393
0.828485
0.828428
0.828431
0.82883
0.829638
0.830263
0.829716
0.827296
0.823195
0.81872
0.815838
0.816281
0.820617
0.827828
0.835684
0.841617
0.843651
0.840829
0.833336
0.822351
0.809895
0.798506
0.790757
0.788568
0.792524
0.801699
0.814045
0.827323
0.840001
0.851619
0.862524
0.873051
0.882845
0.890904
0.89627
0.898804
0.89954
0.900321
0.903014
0.908627
0.916845
0.92615
0.934449
0.939842
0.941146
0.938096
0.931219
0.921496
0.910089
0.898104
0.886487
0.8759
0.866593
0.858396
0.850931
0.843916
0.837529
0.832461
0.829667
0.82989
0.83325
0.839181
0.846714
0.854964
0.863487
0.872138
0.880593
0.887847
0.892352
0.892662
0.88805
0.878867
0.866627
0.85378
0.843183
0.837289
0.837346
0.843031
0.852709
0.864174
0.875331
0.884704
0.891558
0.895889
0.8983
0.899717
0.901127
0.903198
0.90603
0.909082
0.911378
0.911823
0.909517
0.90405
0.895617
0.885002
0.873441
0.862414
0.853455
0.847889
0.846482
0.849111
0.854711
0.861681
0.868495
0.874128
0.878106
0.88037
0.881154
0.880853
0.879961
0.87891
0.877886
0.876908
0.876792
1.09727
1.09195
1.08712
1.08614
1.08974
1.09487
1.09739
1.09507
1.08819
1.07841
1.06766
1.05747
1.04886
1.04234
1.03819
1.03646
1.03697
1.03904
1.04139
1.04244
1.04087
1.0361
1.02836
1.01854
1.00777
0.997106
0.987267
0.978584
0.971036
0.964423
0.958615
0.953776
0.950262
0.948303
0.947851
0.948599
0.950109
0.951876
0.953392
0.954341
0.954732
0.954664
0.953956
0.951974
0.947934
0.941661
0.934225
0.928018
0.925687
0.928473
0.935428
0.944322
0.953063
0.960256
0.965078
0.967268
0.967292
0.966313
0.965842
0.967286
0.971535
0.978834
0.988989
1.00159
1.01607
1.03167
1.04721
1.06117
1.07194
1.07807
1.07859
1.07316
1.06208
1.04627
1.02712
1.00633
0.985677
0.966739
0.950689
0.938358
0.930227
0.926415
0.926666
0.930463
0.937107
0.945722
0.955212
0.964258
0.971563
0.976226
0.978073
0.977627
0.97582
0.973699
0.972263
0.972425
0.974942
0.980099
0.987473
0.995926
1.00408
1.01081
1.01556
1.01821
1.01887
1.01765
1.01471
1.01027
1.00464
0.998249
0.991546
0.984829
0.978036
0.970637
0.961731
0.950454
0.936605
0.921203
0.906672
0.896409
0.893703
0.900372
0.91591
0.937573
0.961446
0.983699
1.00153
1.01354
1.01969
1.02098
1.01907
1.01586
1.01304
1.01189
1.01318
1.01727
1.0241
1.03309
1.04294
1.05185
1.05792
1.05982
1.05711
1.05041
1.04124
1.03156
1.02297
1.01606
1.01033
1.0048
0.99873
0.991947
0.984534
0.976637
0.968499
0.960704
0.954314
0.950573
0.950154
0.952542
0.956154
0.959369
0.961589
0.96334
0.965392
0.967799
0.96976
0.970236
0.968612
0.965051
0.960301
0.955334
0.950946
0.947452
0.944616
0.941832
0.938724
0.935732
0.934352
0.936691
0.944532
0.958419
0.977252
0.998584
1.01949
1.03763
1.05199
1.06307
1.07214
1.08008
1.08669
1.09098
1.09199
1.08922
1.0828
1.07326
1.06141
1.04802
1.03375
1.01908
1.00446
0.990301
0.976902
0.964574
0.953978
0.946356
0.943281
0.945996
0.954729
0.968299
0.98456
1.00114
1.01612
1.02814
1.03642
1.04072
1.04134
1.0392
1.03574
1.03263
1.03123
1.03214
1.03485
1.03781
1.03891
1.03618
1.0288
1.01789
1.00665
0.999131
0.997912
1.0026
1.01056
1.01884
1.02531
1.02869
1.02818
1.02314
1.01325
0.998909
0.981741
0.9645
0.950229
0.940919
0.936693
0.936005
0.936702
0.936958
0.935627
0.932141
0.926327
0.918332
0.908613
0.898126
0.88848
0.881751
0.879691
0.882887
0.890408
0.900188
0.910055
0.918711
0.92616
0.933298
0.940879
0.948963
0.957273
0.966084
0.97627
0.988333
1.0017
1.01509
1.02732
1.03766
1.04567
1.05094
1.05304
1.05167
1.04683
1.039
1.02921
1.01894
1.00986
1.00333
0.999981
0.999583
1.00151
1.00532
1.01113
1.01935
1.03019
1.04303
1.05655
1.06931
1.08042
1.0897
1.09741
1.1038
1.10883
1.11218
1.11355
1.1129
1.11056
1.10703
1.1028
1.09822
1.0937
1.08982
1.08718
1.08607
1.08612
1.08651
1.08623
1.08447
1.08087
1.07542
1.06824
1.05922
1.0479
1.03367
1.01608
0.995388
0.97264
0.949716
0.929058
0.913593
0.906451
0.910067
0.924692
0.947501
0.973547
0.997842
1.01704
1.02987
1.03677
1.03915
1.03874
1.03716
1.03559
1.03468
1.03463
1.03546
1.03727
1.04043
1.0454
1.05223
1.06017
1.06761
1.0725
1.07298
1.068
1.0577
1.04349
1.02788
1.01371
1.00317
0.996891
0.993847
0.992127
0.989971
0.986462
0.981723
0.976878
0.973827
0.974799
0.981366
0.993452
1.00912
1.02554
1.04012
1.05094
1.05678
1.05707
1.05185
1.04186
1.02855
1.01394
1.00039
0.990041
0.984078
0.982206
0.982835
0.983982
0.984251
0.983328
0.981756
0.980393
0.979954
0.980765
0.982775
0.985649
0.988949
0.992272
0.995323
0.997941
1.00002
1.00149
1.00231
1.0026
1.00267
1.0031
1.00457
1.00786
1.01362
1.0222
1.03349
1.04693
1.06155
1.07621
1.08982
1.10139
1.10996
1.11464
1.11472
1.10999
1.10107
1.08957
1.07783
1.06811
1.06148
1.05735
1.05397
1.04968
1.04373
1.03639
1.02862
1.02158
1.01633
1.01355
1.01338
1.01536
1.01851
1.02178
1.02462
1.02723
1.0303
1.03434
1.03903
1.04331
1.04583
1.0456
1.04209
1.03503
1.02435
1.01071
0.99625
0.984813
0.980612
0.98593
0.999579
1.01769
1.03587
1.05087
1.0611
1.06637
1.06765
1.06684
1.06606
1.06687
1.06953
1.0732
1.07651
1.07823
1.07766
1.07469
1.06969
1.06313
1.0554
1.04701
1.03876
1.03182
1.02739
1.02602
1.02707
1.02871
1.02872
1.02551
1.01884
1.00967
0.999478
0.989452
0.980373
0.972783
0.967387
0.965235
0.967474
0.974834
0.98717
1.00341
1.02187
1.04083
1.05886
1.07499
1.08855
1.09901
1.10576
1.10814
1.10548
1.09728
1.08352
1.06492
1.04307
1.02023
0.998813
0.980812
0.967379
0.95879
0.954746
0.954609
0.95755
0.962484
0.968161
0.973299
0.976879
0.978482
0.978491
0.978074
0.978843
0.982497
0.990516
1.0037
1.02153
1.04183
1.06133
1.07671
1.08563
1.08719
1.08198
1.07179
1.05903
1.04588
1.03354
1.02191
1.01014
0.997469
0.983951
0.970622
0.959167
0.951178
0.947318
0.946979
0.9486
0.950367
0.95084
0.94922
0.945483
0.940254
0.934686
0.93021
0.928201
0.929665
0.935126
0.944712
0.958332
0.975747
0.996356
1.01895
1.04165
1.06212
1.07804
1.08757
1.08959
1.08379
1.07065
1.05142
1.028
1.00277
0.978268
0.956859
0.940545
0.930932
0.929118
0.935144
0.947677
0.964284
0.982125
0.998527
1.01129
1.01892
1.02077
1.01716
1.0094
0.999455
0.989462
0.981134
0.975321
0.971979
0.970366
0.96941
0.96801
0.965341
0.961007
0.955151
0.948442
0.941862
0.936222
0.931699
0.927763
0.923743
0.919674
0.916896
0.917654
0.923643
0.934552
0.948307
0.962591
0.975864
0.98732
0.996365
1.00224
1.00399
1.0009
0.992962
0.981317
0.968003
0.955041
0.943454
0.933215
0.924178
0.916887
0.912443
0.911633
0.914155
0.918656
0.923471
0.927557
0.930913
0.934253
0.938307
0.943194
0.948414
0.953291
0.957478
0.961201
0.96506
0.969584
0.974848
0.980424
0.985725
0.990361
0.994209
0.997214
0.999229
1.00006
0.999619
0.998018
0.995607
0.992768
0.989752
0.986457
0.98242
0.976877
0.968959
0.958058
0.944371
0.929399
0.916165
0.908618
0.910006
0.921114
0.939709
0.961756
0.983402
1.00215
1.0169
1.02744
1.03393
1.03663
1.03574
1.0314
1.02368
1.0129
0.999953
0.986446
0.974361
0.965332
0.959961
0.957729
0.957534
0.958434
0.960109
0.962916
0.967521
0.974479
0.983957
0.995665
1.00896
1.02299
1.0367
1.04883
1.0579
1.06247
1.06145
1.05457
1.04278
1.02832
1.01424
1.00333
0.997043
0.995056
0.996077
0.998998
1.00338
1.00887
1.01445
1.0186
1.02056
1.02115
1.02241
1.02597
1.03184
1.03873
1.04537
1.05136
1.05691
1.06234
1.06756
1.07209
1.0754
1.07707
1.07668
1.07395
1.06882
1.06165
1.05303
1.04347
1.03333
1.02305
1.01343
1.00556
1.00036
0.997999
0.997688
0.998147
0.998278
0.997594
0.996132
0.994192
0.992073
0.989931
0.98774
0.985275
0.982196
0.978221
0.973342
0.967807
0.961974
0.956143
0.950495
0.945163
0.940295
0.936233
0.933558
0.932874
0.934471
0.938059
0.942756
0.947466
0.951231
0.953426
0.953725
0.95193
0.94797
0.942122
0.935248
0.928722
0.923918
0.92163
0.922062
0.92537
0.932128
0.942899
0.95743
0.974417
0.992109
1.00896
1.02391
1.03629
1.04578
1.05235
1.05614
1.05736
1.05615
1.05244
1.04582
1.03559
1.02106
1.00222
0.980528
0.959556
0.944581
0.940286
0.947565
0.96263
0.979773
0.994714
1.00572
1.01289
1.01702
1.01867
1.01786
1.0144
1.00859
1.00165
0.99546
0.991995
0.992505
0.997157
1.00511
1.01492
1.02488
1.03332
1.03898
1.04107
1.03936
1.03411
1.02594
1.01563
1.00409
0.992208
0.980692
0.969923
0.960001
0.950889
0.94258
0.935191
0.92891
0.923995
0.920766
0.919548
0.92068
0.924483
0.931297
0.941226
0.953815
0.967813
0.981508
0.993384
1.00263
1.0092
1.01355
1.01606
1.01669
1.01495
1.01038
1.00328
0.995325
0.989202
0.986948
0.988074
0.989442
0.987598
0.981912
0.97576
0.973807
0.977142
0.982479
0.98635
0.988512
0.99161
0.998899
1.01202
1.0301
1.05023
1.06901
1.08396
1.0941
1.09996
1.10301
1.10471
1.10564
1.10539
1.10324
1.09896
1.09309
1.08668
1.08074
1.0758
1.07173
1.06794
1.06354
1.05756
1.04925
1.03818
1.02447
1.00871
0.991874
0.974997
0.959022
0.94471
0.932722
0.923684
0.918222
0.916744
0.919173
0.92487
0.932766
0.941821
0.951443
0.961571
0.972442
0.984115
0.996133
1.00748
1.0168
1.02281
1.0246
1.0221
1.01631
1.00931
1.00368
1.0014
1.00297
1.00722
1.01222
1.01664
1.02056
1.0254
1.03276
1.04292
1.05414
1.06343
1.06812
1.06695
1.06036
1.04996
1.03777
1.02565
1.01479
1.0057
0.998455
0.993091
0.98989
0.989252
0.991496
0.99645
1.00335
1.011
1.0182
1.02396
1.02767
1.02902
1.02796
1.02462
1.01938
1.01294
1.00629
1.00059
0.996787
0.995351
0.996245
0.99931
1.00458
1.01205
1.02111
1.02998
1.03597
1.03653
1.03028
1.01753
1.0004
0.98225
0.966878
0.957343
0.955103
0.959826
0.969919
0.983459
0.998832
1.01465
1.02942
1.04161
1.05025
1.05554
1.05854
1.06055
1.06241
1.06427
1.06578
1.06641
1.06581
1.06376
1.06015
1.0548
1.04755
1.03837
1.02767
1.01654
1.00668
0.999949
0.997719
1.00028
1.00666
1.01496
1.02298
1.02881
1.03125
1.02994
1.02527
1.01908
1.01832
1.09183
1.08317
1.07579
1.07053
1.06732
1.06524
1.06287
1.05882
1.05225
1.04331
1.03334
1.02484
1.02099
1.02471
1.03708
1.05618
1.07762
1.0965
1.10934
1.11456
1.11223
1.10357
1.09052
1.07529
1.05964
1.04459
1.03063
1.01834
1.00881
1.00347
1.00322
1.00782
1.01599
1.02588
1.03572
1.04431
1.05123
1.05668
1.06094
1.06401
1.06551
1.06503
1.06251
1.05869
1.0553
1.05472
1.05915
1.06976
1.08626
1.10683
1.12871
1.14917
1.16647
1.18021
1.19089
1.19899
1.20448
1.20693
1.20584
1.2011
1.19302
1.18227
1.16961
1.15568
1.14101
1.12624
1.11249
1.10126
1.09385
1.09081
1.09168
1.09524
1.09998
1.10435
1.107
1.107
1.10416
1.09934
1.09444
1.09177
1.09311
1.09884
1.10776
1.1176
1.12581
1.13046
1.13067
1.12687
1.1205
1.11332
1.1066
1.10056
1.09437
1.08675
1.07691
1.06517
1.0532
1.0436
1.03905
1.04109
1.04932
1.06153
1.07448
1.08522
1.09193
1.09433
1.09318
1.0893
1.08257
1.07176
1.05559
1.03385
1.00793
0.980667
0.955713
0.936832
0.926896
0.927015
0.936198
0.95176
0.970246
0.988394
1.00374
1.01487
1.02166
1.02539
1.02854
1.03378
1.04221
1.05229
1.06073
1.06462
1.06301
1.05722
1.04981
1.04299
1.0374
1.03199
1.02504
1.01538
1.00297
0.988874
0.97493
0.963499
0.95706
0.957527
0.965409
0.979323
0.996431
1.01352
1.02805
1.03871
1.0453
1.04851
1.04952
1.04977
1.05054
1.05267
1.05649
1.06211
1.06968
1.07947
1.0915
1.10504
1.11851
1.13009
1.13842
1.143
1.14395
1.14178
1.13709
1.13046
1.12255
1.11414
1.10639
1.10072
1.09854
1.1007
1.10712
1.11676
1.1279
1.13851
1.14673
1.15111
1.15092
1.14633
1.13849
1.12936
1.12136
1.11673
1.11685
1.12172
1.13011
1.14016
1.1501
1.15859
1.16466
1.16757
1.16687
1.16243
1.15471
1.14486
1.13466
1.12617
1.12136
1.12156
1.12696
1.13639
1.14737
1.15662
1.16097
1.15818
1.14739
1.12925
1.10583
1.08025
1.05611
1.03658
1.02354
1.01738
1.01744
1.02277
1.03247
1.04536
1.05956
1.07246
1.08144
1.0846
1.08117
1.07158
1.05717
1.0398
1.02135
1.00351
0.987486
0.973953
0.963332
0.956097
0.953039
0.955183
0.9634
0.97771
0.996774
1.018
1.03827
1.05492
1.06652
1.07292
1.07503
1.07446
1.07314
1.07295
1.0755
1.08169
1.09138
1.10332
1.11562
1.12651
1.13487
1.14021
1.14238
1.14128
1.13685
1.12908
1.11804
1.1041
1.08798
1.07076
1.05362
1.03755
1.02301
1.01008
0.998656
0.988779
0.98082
0.975432
0.973434
0.975459
0.981615
0.991232
1.00283
1.01449
1.02467
1.03331
1.04218
1.05359
1.06782
1.08227
1.09322
1.09817
1.09658
1.08955
1.07918
1.06794
1.05811
1.05102
1.04675
1.04431
1.0422
1.03907
1.034
1.02687
1.01833
1.0098
1.00304
0.999432
0.999255
1.00166
1.00544
1.00993
1.01524
1.02187
1.02995
1.03884
1.04712
1.05313
1.05567
1.05454
1.05098
1.04733
1.04608
1.0487
1.05492
1.06315
1.07138
1.07807
1.08264
1.08556
1.08816
1.0921
1.09839
1.10666
1.11521
1.12176
1.12424
1.12115
1.11194
1.09719
1.07892
1.06029
1.04475
1.03473
1.031
1.03303
1.03956
1.04899
1.0595
1.06928
1.07703
1.082
1.08409
1.08384
1.08235
1.08092
1.0807
1.08221
1.08515
1.08864
1.09155
1.09281
1.09168
1.08788
1.08148
1.07283
1.06235
1.0505
1.03777
1.02484
1.01263
1.0023
0.995026
0.991768
0.992934
0.998305
1.00704
1.01793
1.02958
1.04079
1.0508
1.05954
1.06751
1.07535
1.08342
1.09158
1.09941
1.10649
1.11268
1.11806
1.12286
1.12712
1.13057
1.13261
1.13262
1.13009
1.12479
1.11671
1.10601
1.09307
1.07865
1.06404
1.05093
1.04085
1.03434
1.0307
1.0284
1.0259
1.02225
1.01749
1.01286
1.01076
1.0138
1.02331
1.0384
1.05618
1.07299
1.08594
1.09415
1.09866
1.10091
1.10112
1.09859
1.09331
1.0866
1.0805
1.07666
1.07578
1.0776
1.08145
1.08678
1.0935
1.10193
1.11233
1.12457
1.13785
1.15091
1.16238
1.17113
1.17654
1.17857
1.17774
1.17496
1.17121
1.16713
1.16283
1.15794
1.15194
1.1446
1.13601
1.12665
1.11719
1.10844
1.10116
1.09593
1.09304
1.0925
1.09391
1.09654
1.09945
1.10172
1.10274
1.10223
1.10022
1.09698
1.093
1.08896
1.08559
1.08348
1.08279
1.0832
1.08395
1.08403
1.0824
1.07825
1.07124
1.06182
1.05133
1.04188
1.03564
1.03378
1.03595
1.04058
1.046
1.05133
1.05672
1.06295
1.07074
1.08015
1.09044
1.10037
1.10875
1.11491
1.11889
1.12125
1.12275
1.12388
1.12468
1.12492
1.12433
1.12302
1.12161
1.12115
1.1227
1.12666
1.13236
1.13816
1.14215
1.14286
1.1397
1.13293
1.12343
1.11229
1.10055
1.08903
1.07836
1.06906
1.06159
1.05628
1.05317
1.0521
1.0528
1.05505
1.0586
1.06313
1.06817
1.07324
1.07786
1.08173
1.08475
1.0869
1.08821
1.08889
1.08939
1.09048
1.09317
1.09836
1.10631
1.11625
1.12642
1.13475
1.13958
1.14011
1.13647
1.12927
1.11928
1.10734
1.0944
1.0816
1.07009
1.0606
1.0531
1.04693
1.04114
1.03501
1.02841
1.0219
1.01644
1.0129
1.01159
1.01211
1.01369
1.01573
1.01812
1.02104
1.02464
1.02876
1.0331
1.03744
1.0415
1.04491
1.04722
1.04801
1.04724
1.04523
1.04258
1.03979
1.03696
1.03398
1.03096
1.02828
1.02588
1.02277
1.01756
1.00929
0.997941
0.984674
0.971959
0.963356
0.96239
0.970777
0.987378
1.0087
1.03045
1.04891
1.06169
1.06799
1.06857
1.06545
1.0611
1.05748
1.05571
1.05629
1.05934
1.0645
1.07076
1.07673
1.08112
1.0833
1.08342
1.08239
1.08156
1.08224
1.08531
1.09095
1.09846
1.10633
1.11251
1.1147
1.11094
1.10032
1.08367
1.06377
1.04469
1.03028
1.02265
1.02138
1.02427
1.02861
1.03246
1.03502
1.03625
1.03645
1.03607
1.03582
1.03662
1.03927
1.044
1.05033
1.05733
1.06396
1.06931
1.07246
1.07252
1.06889
1.06147
1.05067
1.03733
1.02241
1.00683
0.991448
0.977452
0.966645
0.961397
0.963917
0.974975
0.993135
1.01508
1.03703
1.05601
1.07037
1.07951
1.08337
1.08213
1.07631
1.06695
1.05562
1.0441
1.03379
1.02523
1.01837
1.0133
1.01068
1.01109
1.01396
1.01765
1.02051
1.02191
1.02251
1.02356
1.02614
1.0307
1.03703
1.04461
1.05281
1.06106
1.06883
1.07577
1.08179
1.08734
1.09322
1.10019
1.10841
1.11752
1.12689
1.13587
1.14375
1.1495
1.15182
1.14958
1.14247
1.13155
1.11919
1.10835
1.1016
1.10035
1.10443
1.11223
1.12122
1.12881
1.13297
1.13246
1.12676
1.11574
1.09963
1.07906
1.0555
1.03157
1.01101
0.997586
0.993277
0.997231
1.0065
1.01776
1.02859
1.03785
1.04528
1.05108
1.0555
1.05872
1.06095
1.06257
1.06413
1.06624
1.06915
1.07246
1.07518
1.07621
1.07495
1.07146
1.06611
1.05914
1.05072
1.04143
1.0325
1.02564
1.02231
1.02323
1.02812
1.03619
1.04665
1.05904
1.07323
1.08898
1.10575
1.12249
1.13768
1.14939
1.15544
1.15373
1.1428
1.12273
1.09634
1.0693
1.04723
1.03134
1.01804
1.00331
0.986141
0.968483
0.953861
0.946152
0.948498
0.961749
0.983505
1.00925
1.0349
1.05833
1.07925
1.09819
1.1157
1.13201
1.14692
1.15993
1.17016
1.17639
1.1772
1.17133
1.15807
1.13787
1.11277
1.08665
1.06441
1.05021
1.04537
1.04786
1.05377
1.05935
1.06229
1.062
1.0592
1.05517
1.05112
1.04776
1.04531
1.04361
1.04236
1.04134
1.04049
1.03992
1.03973
1.03989
1.04019
1.04034
1.04006
1.0393
1.03837
1.03792
1.03856
1.04048
1.04341
1.04696
1.05086
1.05492
1.05897
1.06281
1.0663
1.06923
1.07138
1.07246
1.07214
1.07017
1.06665
1.06232
1.05859
1.05718
1.05946
1.06585
1.07557
1.08702
1.09836
1.10792
1.11436
1.11672
1.11446
1.10742
1.09574
1.07985
1.06078
1.0406
1.02246
1.00954
1.00364
1.0043
1.00936
1.01629
1.02332
1.02992
1.03659
1.04426
1.05365
1.06477
1.07686
1.08879
1.09939
1.10776
1.11333
1.11587
1.1154
1.11213
1.10641
1.09897
1.09106
1.08468
1.08208
1.08487
1.09299
1.10474
1.11777
1.13038
1.14179
1.15173
1.15991
1.16577
1.16852
1.16742
1.16222
1.15335
1.14192
1.12935
1.11686
1.10511
1.09392
1.08264
1.07092
1.05949
1.05023
1.04556
1.04754
1.05687
1.07259
1.09228
1.11302
1.13221
1.14824
1.16048
1.16892
1.17377
1.17514
1.17303
1.16746
1.15875
1.14774
1.1359
1.12532
1.11823
1.11606
1.1186
1.1238
1.12864
1.13044
1.12752
1.11946
1.10701
1.0918
1.07595
1.0616
1.05031
1.04274
1.03863
1.03739
1.0388
1.04326
1.05138
1.0631
1.07727
1.09193
1.10526
1.11624
1.12465
1.13067
1.13441
1.13565
1.13388
1.12868
1.12007
1.10874
1.09605
1.08354
1.0723
1.06242
1.05313
1.04353
1.03353
1.0242
1.01725
1.01414
1.01543
1.02066
1.02856
1.03735
1.04524
1.05101
1.05437
1.05575
1.05593
1.05569
1.05556
1.05582
1.05656
1.05781
1.05961
1.06197
1.06488
1.0683
1.07212
1.07628
1.08084
1.08591
1.09169
1.09827
1.10543
1.11247
1.11834
1.12183
1.12188
1.11765
1.1087
1.09514
1.07834
1.06175
1.05059
1.04886
1.05601
1.06788
1.08074
1.09337
1.10618
1.11926
1.13153
1.14113
1.1461
1.1464
1.1001
1.09708
1.09255
1.08847
1.08617
1.0859
1.087
1.08846
1.08931
1.08878
1.08622
1.08089
1.072
1.05887
1.04117
1.01924
0.994344
0.968707
0.945215
0.926662
0.915129
0.911941
0.917856
0.932835
0.955319
0.982086
1.00924
1.03339
1.05229
1.06462
1.06991
1.06861
1.0622
1.05307
1.04406
1.03758
1.03477
1.03502
1.0365
1.03726
1.03625
1.03388
1.03171
1.03143
1.03361
1.03726
1.04051
1.04175
1.04025
1.03605
1.02965
1.02152
1.01192
1.00107
0.989546
0.97893
0.971678
0.96983
0.973597
0.98144
0.991366
1.00196
1.01238
1.02211
1.03074
1.03813
1.04436
1.04959
1.05381
1.05678
1.05799
1.05685
1.05287
1.04574
1.03552
1.02268
1.00809
0.992889
0.978338
0.965608
0.955697
0.949433
0.947485
0.950128
0.956769
0.965522
0.973414
0.977438
0.975914
0.969556
0.961604
0.956882
0.959782
0.972105
0.99219
1.01599
1.03904
1.05808
1.07151
1.07913
1.08149
1.07937
1.07348
1.0645
1.0532
1.04069
1.02858
1.01884
1.01346
1.01383
1.02032
1.03227
1.04835
1.06688
1.08594
1.10346
1.11766
1.12757
1.13311
1.13489
1.1337
1.13016
1.12467
1.11756
1.10917
1.09993
1.09021
1.08026
1.07014
1.05962
1.04845
1.03664
1.02496
1.0151
1.00943
1.0101
1.01801
1.03215
1.04982
1.06766
1.08261
1.09279
1.09795
1.09969
1.10098
1.10471
1.11214
1.12222
1.13255
1.14081
1.14564
1.14655
1.14361
1.13713
1.12763
1.11595
1.10317
1.0903
1.07814
1.06729
1.05853
1.05275
1.05054
1.05161
1.05456
1.05735
1.05815
1.05611
1.05153
1.04557
1.03962
1.03464
1.03086
1.02809
1.02601
1.02427
1.02256
1.02054
1.01793
1.01452
1.01008
1.00445
0.997743
0.990642
0.984514
0.981214
0.982534
0.989509
1.00192
1.01824
1.03602
1.05261
1.0658
1.07425
1.07764
1.07648
1.07195
1.06558
1.05899
1.0537
1.05084
1.05104
1.05436
1.0603
1.06781
1.07557
1.08225
1.08693
1.08931
1.08966
1.08857
1.08678
1.08507
1.08398
1.08361
1.08376
1.08408
1.08415
1.08337
1.08081
1.07537
1.06618
1.053
1.03636
1.01741
0.997565
0.978135
0.960212
0.944834
0.933338
0.927323
0.928059
0.936004
0.950679
0.970844
0.994695
1.02014
1.04492
1.06675
1.08355
1.09398
1.09774
1.09539
1.08804
1.07697
1.06348
1.049
1.03527
1.02418
1.0172
1.01459
1.01524
1.01739
1.01937
1.02012
1.01934
1.0175
1.01559
1.01468
1.01549
1.01842
1.02373
1.03177
1.04259
1.05551
1.06902
1.0811
1.09015
1.09571
1.09862
1.1006
1.10319
1.10681
1.11055
1.11289
1.11271
1.10971
1.10407
1.09596
1.08533
1.07204
1.05643
1.03998
1.0258
1.01837
1.0217
1.03685
1.06078
1.08804
1.11336
1.13319
1.14581
1.15089
1.14907
1.1415
1.12976
1.1156
1.10074
1.08669
1.07437
1.06412
1.05588
1.04949
1.04502
1.04293
1.04374
1.04745
1.0532
1.05958
1.06548
1.07057
1.07496
1.07863
1.08121
1.08205
1.08034
1.07521
1.06637
1.0549
1.04342
1.03506
1.03196
1.03448
1.04131
1.05018
1.05863
1.06469
1.06727
1.06599
1.06098
1.05249
1.04096
1.02729
1.01309
1.00057
0.991708
0.98738
0.987356
0.99088
0.997163
1.00549
1.01532
1.02639
1.03878
1.05258
1.0672
1.08109
1.09207
1.09806
1.09777
1.09096
1.0786
1.06289
1.04666
1.03224
1.02047
1.01067
1.00167
0.992703
0.983829
0.975943
0.970447
0.968648
0.971075
0.977155
0.985442
0.994185
1.00186
1.00735
1.00981
1.00861
1.00324
0.993532
0.979961
0.964275
0.95003
0.94218
0.94471
0.957963
0.978431
1.00107
1.02162
1.0374
1.04731
1.05146
1.05065
1.04584
1.03783
1.02711
1.01404
0.999325
0.984394
0.971453
0.96293
0.960556
0.964601
0.973657
0.985242
0.996834
1.00679
1.01452
1.01985
1.02253
1.02218
1.01864
1.01235
1.00438
0.996465
0.9906
0.98825
0.989691
0.994203
1.00074
1.00854
1.01735
1.02709
1.03748
1.04779
1.05711
1.06486
1.07102
1.07613
1.08093
1.0857
1.08998
1.09259
1.09232
1.08863
1.0821
1.07413
1.06621
1.05946
1.05462
1.05232
1.05318
1.0575
1.06505
1.0752
1.08711
1.09998
1.11293
1.12489
1.1346
1.14089
1.14327
1.14226
1.13938
1.13646
1.13465
1.13399
1.13395
1.13421
1.13505
1.13696
1.14003
1.14358
1.14602
1.14532
1.1394
1.12686
1.10789
1.08521
1.064
1.04974
1.04519
1.04918
1.05795
1.0671
1.07277
1.07221
1.06401
1.0481
1.02603
1.00116
0.978585
0.963997
0.961641
0.972353
0.993176
1.01889
1.0442
1.06532
1.08046
1.08944
1.09311
1.09263
1.08918
1.08384
1.07766
1.07172
1.06687
1.06358
1.06195
1.0618
1.06273
1.06425
1.06584
1.06713
1.06796
1.06845
1.06886
1.06946
1.07038
1.07151
1.07237
1.0722
1.07012
1.06559
1.05866
1.05021
1.04188
1.03551
1.03239
1.03248
1.03433
1.036
1.03618
1.03506
1.03393
1.03408
1.03603
1.03955
1.04408
1.04894
1.05327
1.05601
1.05621
1.05367
1.04933
1.04481
1.0412
1.03818
1.03421
1.02769
1.01791
1.00537
0.991427
0.977704
0.965627
0.956247
0.950244
0.948085
0.949922
0.955357
0.96327
0.971868
0.979031
0.982908
0.982346
0.977145
0.968091
0.956844
0.94564
0.936889
0.932669
0.934165
0.941354
0.953105
0.967718
0.983559
0.999502
1.01505
1.03007
1.04452
1.05811
1.07034
1.08054
1.08798
1.09205
1.09229
1.0885
1.08069
1.06921
1.05474
1.03836
1.02147
1.00564
0.992339
0.982834
0.978068
0.97859
0.984349
0.994539
1.00759
1.02152
1.03459
1.04573
1.05467
1.06158
1.06664
1.06982
1.07082
1.06932
1.06537
1.05969
1.05371
1.04924
1.04764
1.04903
1.05234
1.05621
1.0599
1.06356
1.06795
1.07383
1.08141
1.09
1.09818
1.10417
1.10641
1.10413
1.09766
1.08864
1.07938
1.07163
1.06561
1.06018
1.05403
1.04679
1.03951
1.03457
1.03494
1.04239
1.05613
1.07316
1.09019
1.10516
1.11755
1.12743
1.13455
1.13799
1.13663
1.12999
1.11879
1.10486
1.09066
1.07847
1.0696
1.0641
1.06103
1.05907
1.05729
1.05566
1.05506
1.05671
1.0615
1.06948
1.07988
1.09144
1.10288
1.11317
1.1216
1.12778
1.13149
1.13262
1.13086
1.12569
1.11644
1.10253
1.08404
1.06212
1.03917
1.0183
1.00217
0.991584
0.985216
0.980709
0.976294
0.971793
0.968683
0.969334
0.975351
0.986351
1.00028
1.0149
1.02909
1.04292
1.05663
1.06942
1.07926
1.0839
1.08248
1.07638
1.0688
1.06301
1.06066
1.0615
1.06443
1.06845
1.07282
1.0769
1.08023
1.08266
1.08452
1.08634
1.08862
1.09144
1.09432
1.09639
1.09698
1.096
1.09387
1.09093
1.08677
1.08027
1.07048
1.05756
1.0431
1.02959
1.01941
1.01399
1.01363
1.01778
1.02537
1.03502
1.0449
1.0529
1.05686
1.05512
1.04705
1.03334
1.01603
0.998181
0.983202
0.973696
0.970478
0.972355
0.976873
0.981491
0.984545
0.985667
0.98575
0.986664
0.990495
0.998556
1.0106
1.02472
1.03825
1.04891
1.05552
1.05796
1.05672
1.05253
1.04611
1.03806
1.02897
1.0194
1.00994
1.00118
0.993669
0.988009
0.984857
0.984886
0.988569
0.995913
1.00625
1.01829
1.03042
1.04109
1.04903
1.05346
1.05418
1.05158
1.0465
1.04001
1.03308
1.02634
1.02002
1.01398
1.00795
1.00168
0.995157
0.988725
0.983106
0.979199
0.977729
0.978888
0.982149
0.986435
0.990624
0.994034
0.996576
0.998557
1.00044
1.00275
1.00609
1.01103
1.01778
1.02606
1.03529
1.04512
1.05574
1.06769
1.08134
1.09642
1.11174
1.12554
1.13582
1.14079
1.1393
1.13118
1.11739
1.09973
1.08033
1.061
1.04303
1.02729
1.01454
1.0057
1.00175
1.00315
1.00932
1.0185
1.02838
1.03704
1.0436
1.04817
1.05158
1.0549
1.059
1.06419
1.07013
1.07603
1.08103
1.0843
1.08525
1.08379
1.08066
1.07761
1.07671
1.07929
1.08531
1.09368
1.10292
1.11161
1.11855
1.12286
1.12409
1.12229
1.11793
1.11166
1.1041
1.09566
1.08646
1.07666
1.06673
1.0576
1.05041
1.04596
1.04439
1.04522
1.04769
1.05087
1.05377
1.05562
1.05623
1.0561
1.05606
1.05679
1.05847
1.06088
1.06386
1.06734
1.07096
1.07389
1.07514
1.07424
1.07154
1.06812
1.0654
1.06482
1.06764
1.07476
1.08635
1.10149
1.11828
1.13438
1.14775
1.15699
1.16148
1.16111
1.15619
1.14716
1.13466
1.11956
1.10293
1.08593
1.0696
1.05451
1.04059
1.02726
1.01382
1.00002
0.986751
0.976104
0.970739
0.972284
0.979824
0.989985
0.998757
1.00342
1.00312
0.998527
0.990985
0.982035
0.973096
0.965485
0.960537
0.959537
0.963535
0.972911
0.986926
1.00373
1.02088
1.03605
1.04761
1.05487
1.05818
1.05879
1.05837
1.05819
1.05887
1.06094
1.06545
1.07358
1.08577
1.10136
1.11884
1.13641
1.15241
1.16561
1.17517
1.1805
1.18112
1.17656
1.1663
1.14986
1.12697
1.098
1.06441
1.02901
0.995632
0.968209
0.949776
0.941576
0.942752
0.950851
0.963015
0.977146
0.992195
1.0077
1.02316
1.03771
1.04998
1.05855
1.06232
1.06112
1.05592
1.04862
1.04146
1.03612
1.03307
1.03169
1.03085
1.02978
1.02855
1.02771
1.02742
1.02689
1.02495
1.02095
1.01509
1.00797
1.00016
0.99215
0.984511
0.977996
0.973279
0.970536
0.969407
0.969366
0.970387
0.973313
0.979631
0.990679
1.00673
1.02652
1.04755
1.06675
1.08137
1.0895
1.09029
1.08394
1.07145
1.05441
1.03472
1.01465
0.996889
0.984155
0.978555
0.978297
1.10087
1.10486
1.10963
1.11376
1.11721
1.12072
1.12503
1.13015
1.13527
1.13918
1.1408
1.1397
1.13623
1.13145
1.12667
1.12299
1.12091
1.12022
1.12018
1.11978
1.11813
1.11475
1.1097
1.10356
1.09699
1.09052
1.08454
1.07983
1.07794
1.08073
1.08904
1.10167
1.11557
1.12709
1.13333
1.13288
1.12606
1.11458
1.10099
1.08786
1.07699
1.06891
1.06292
1.05764
1.05214
1.04684
1.04343
1.04344
1.04669
1.05147
1.05577
1.05848
1.05975
1.0608
1.06329
1.06862
1.0772
1.08814
1.09926
1.10781
1.11133
1.10845
1.0994
1.08605
1.07125
1.05787
1.04801
1.04267
1.04202
1.0459
1.05406
1.06605
1.08103
1.09767
1.11425
1.12898
1.14034
1.14745
1.15007
1.14846
1.14339
1.13606
1.12793
1.12038
1.11441
1.11063
1.1093
1.11021
1.11247
1.11479
1.11587
1.11479
1.11106
1.1046
1.09573
1.08519
1.07408
1.0636
1.0548
1.04826
1.04405
1.04178
1.041
1.04154
1.04375
1.04821
1.05512
1.0639
1.07313
1.08088
1.08525
1.08502
1.08009
1.07166
1.06179
1.05289
1.04713
1.04606
1.05068
1.06121
1.07693
1.09573
1.1144
1.12945
1.13813
1.13913
1.13291
1.12143
1.10757
1.09421
1.08346
1.07631
1.07284
1.07247
1.07448
1.07822
1.08309
1.08843
1.09345
1.0973
1.09931
1.09934
1.09816
1.09756
1.09993
1.1072
1.1197
1.13598
1.15371
1.1707
1.18538
1.19682
1.20457
1.20846
1.20838
1.20429
1.19609
1.18389
1.16805
1.14935
1.12903
1.10868
1.09036
1.07633
1.06851
1.06751
1.07243
1.08145
1.09283
1.10538
1.11835
1.13115
1.14318
1.15379
1.16233
1.16825
1.17119
1.17116
1.16866
1.16478
1.16099
1.15877
1.15898
1.16162
1.16578
1.17003
1.17297
1.17362
1.17189
1.16855
1.16494
1.16246
1.16205
1.16389
1.16739
1.17149
1.17501
1.17694
1.17659
1.17361
1.1679
1.15955
1.14884
1.13636
1.12302
1.11023
1.10003
1.09524
1.0985
1.11007
1.12688
1.14442
1.15923
1.16963
1.17516
1.17606
1.17291
1.16657
1.15808
1.14856
1.13909
1.1307
1.12427
1.12043
1.11936
1.12073
1.1236
1.12669
1.12853
1.1279
1.12438
1.11867
1.11264
1.10855
1.10823
1.11227
1.12004
1.13008
1.14069
1.15037
1.15805
1.16306
1.16485
1.16276
1.15611
1.14468
1.12918
1.11128
1.09314
1.07687
1.06425
1.05658
1.05441
1.0572
1.06336
1.07088
1.07855
1.08709
1.09896
1.11647
1.13944
1.16509
1.18999
1.21173
1.22895
1.24105
1.24776
1.249
1.24485
1.23553
1.22138
1.20286
1.18071
1.15611
1.13066
1.10621
1.08453
1.06683
1.05355
1.04427
1.03799
1.03343
1.0295
1.02574
1.02255
1.02087
1.02133
1.02344
1.02556
1.02565
1.0224
1.01644
1.01082
1.01013
1.01766
1.03283
1.05135
1.06803
1.07913
1.08334
1.08129
1.07469
1.06549
1.05534
1.04533
1.03594
1.02707
1.01824
1.00902
0.999546
0.990908
0.985246
0.98525
0.992905
1.00804
1.02796
1.04851
1.06582
1.07741
1.08259
1.082
1.07705
1.06937
1.06039
1.05129
1.04316
1.03726
1.03526
1.03863
1.04762
1.0605
1.07413
1.08545
1.0927
1.09587
1.0965
1.09687
1.0989
1.10344
1.11025
1.11872
1.12842
1.13893
1.14935
1.15787
1.16195
1.15908
1.14776
1.12841
1.1041
1.08046
1.06407
1.05927
1.0659
1.07985
1.0959
1.11022
1.12094
1.1278
1.13138
1.13273
1.1332
1.13408
1.13607
1.13918
1.1431
1.14809
1.15532
1.16589
1.17886
1.19077
1.19747
1.19628
1.18694
1.17135
1.15282
1.13507
1.12117
1.11273
1.10988
1.11193
1.11786
1.12658
1.13675
1.14672
1.15463
1.15872
1.15782
1.15171
1.14131
1.12852
1.11579
1.10552
1.09932
1.09751
1.09904
1.10203
1.10464
1.10585
1.10553
1.10404
1.10163
1.09835
1.09462
1.09171
1.09127
1.09388
1.09837
1.10242
1.10396
1.10196
1.09642
1.08804
1.07791
1.06762
1.05935
1.05547
1.05764
1.06608
1.07976
1.09719
1.11689
1.13734
1.15676
1.17324
1.18524
1.19207
1.19411
1.1925
1.18878
1.18431
1.1801
1.17677
1.17451
1.17294
1.17104
1.16754
1.16175
1.15419
1.14625
1.13901
1.13232
1.12506
1.1161
1.105
1.09219
1.07877
1.06618
1.05576
1.04876
1.04684
1.05241
1.06687
1.08831
1.11204
1.13341
1.14971
1.16017
1.16518
1.16544
1.16165
1.15433
1.14395
1.13115
1.11694
1.10278
1.09044
1.08165
1.07749
1.07809
1.08257
1.0896
1.09787
1.10656
1.11522
1.12365
1.1316
1.13875
1.14467
1.14898
1.15166
1.15314
1.15426
1.15578
1.15816
1.16118
1.16405
1.1655
1.16432
1.15987
1.15235
1.1428
1.13283
1.12413
1.11802
1.115
1.11466
1.1158
1.11689
1.11663
1.11426
1.10954
1.10277
1.09457
1.08541
1.07513
1.06298
1.0486
1.03306
1.01901
1.00946
1.00622
1.0094
1.01815
1.03127
1.04697
1.06252
1.07502
1.08279
1.08621
1.08731
1.08856
1.09161
1.09698
1.10451
1.11377
1.12384
1.13321
1.14017
1.14363
1.14358
1.14082
1.13643
1.13142
1.1267
1.12314
1.12166
1.12306
1.12779
1.13564
1.14557
1.15595
1.16506
1.17162
1.17505
1.17549
1.1734
1.16925
1.16351
1.15678
1.14978
1.14327
1.13779
1.13356
1.13056
1.12858
1.12727
1.12606
1.12414
1.12064
1.11484
1.10653
1.09655
1.08667
1.07895
1.07468
1.07377
1.07526
1.07825
1.08259
1.08872
1.09696
1.10682
1.11676
1.12448
1.12755
1.12411
1.11353
1.0974
1.08007
1.06741
1.06347
1.06803
1.07794
1.0899
1.10178
1.11238
1.12126
1.12856
1.13472
1.14008
1.14449
1.14746
1.14855
1.14767
1.14495
1.14052
1.13432
1.12628
1.11682
1.10716
1.09928
1.09539
1.09717
1.10508
1.11819
1.13481
1.15317
1.17201
1.19051
1.20809
1.22402
1.2372
1.24637
1.25037
1.24852
1.2409
1.22843
1.21271
1.19559
1.17867
1.16304
1.14928
1.13776
1.12881
1.12274
1.1195
1.11847
1.11833
1.11743
1.11443
1.10869
1.10038
1.0902
1.07913
1.06821
1.05843
1.05061
1.0453
1.04275
1.04311
1.0469
1.05541
1.0702
1.09191
1.1192
1.14874
1.17627
1.19779
1.2104
1.21249
1.2037
1.18493
1.15844
1.12778
1.09745
1.072
1.05493
1.04758
1.04854
1.05424
1.0606
1.06461
1.06503
1.06209
1.05672
1.04976
1.04162
1.03236
1.02211
1.01159
1.00225
0.995975
0.99434
0.99786
1.00556
1.0154
1.02494
1.03219
1.03611
1.03698
1.03626
1.03596
1.03778
1.04239
1.04945
1.05792
1.06649
1.07397
1.07942
1.08249
1.08366
1.08453
1.0874
1.09429
1.10583
1.12098
1.1378
1.15465
1.1706
1.18505
1.19741
1.20695
1.21279
1.21428
1.21127
1.20421
1.19411
1.18225
1.1698
1.15759
1.14583
1.13424
1.12279
1.11313
1.10932
1.11562
1.13207
1.15351
1.17358
1.18837
1.19686
1.19959
1.19767
1.19223
1.18441
1.17549
1.16692
1.16026
1.15676
1.15681
1.15956
1.16305
1.16478
1.16251
1.15491
1.14196
1.1249
1.10589
1.08743
1.07191
1.06135
1.05708
1.05929
1.06699
1.07828
1.09109
1.10381
1.11539
1.1251
1.13227
1.13627
1.13679
1.13419
1.12979
1.12563
1.12394
1.1263
1.13316
1.1437
1.15619
1.16842
1.17821
1.18399
1.18518
1.18229
1.17686
1.17102
1.16682
1.16561
1.16762
1.17214
1.17821
1.18502
1.19211
1.19889
1.20432
1.20685
1.20495
1.19798
1.18689
1.17424
1.1632
1.15609
1.15377
1.15599
1.16188
1.17015
1.17901
1.18618
1.1894
1.18684
1.17763
1.16221
1.14241
1.12105
1.10104
1.08456
1.07274
1.0661
1.065
1.06953
1.07904
1.09189
1.10583
1.1187
1.12907
1.13655
1.14173
1.14579
1.14989
1.15466
1.15995
1.16517
1.16994
1.17452
1.17944
1.18467
1.18925
1.19175
1.19119
1.18738
1.18073
1.17188
1.16146
1.15022
1.13937
1.13063
1.12572
1.1251
1.12708
1.12853
1.12653
1.11998
1.10999
1.099
1.08953
1.08325
1.08077
1.08185
1.08582
1.09179
1.09906
1.10737
1.11697
1.12828
1.14126
1.15517
1.16897
1.18201
1.19419
1.20548
1.21548
1.22321
1.22737
1.22686
1.22108
1.21012
1.19479
1.17663
1.15786
1.14095
1.12818
1.12083
1.11868
1.11997
1.12213
1.12275
1.1204
1.11484
1.10668
1.09695
1.08657
1.07598
1.06489
1.05223
1.0365
1.01657
0.992615
0.966951
0.944018
0.929182
0.926543
0.937124
0.958606
0.986682
1.01677
1.04527
1.07006
1.09052
1.10708
1.12052
1.13122
1.13903
1.14378
1.14577
1.1457
1.14406
1.14071
1.13507
1.12672
1.11615
1.10492
1.095
1.08779
1.08323
1.08005
1.07683
1.07329
1.0706
1.07022
1.07257
1.07691
1.08239
1.08884
1.09682
1.10707
1.11989
1.13476
1.15036
1.16487
1.17631
1.18283
1.183
1.17604
1.16221
1.14296
1.12092
1.09951
1.08226
1.07203
1.07025
1.07656
1.08907
1.10516
1.12261
1.14034
1.1582
1.17624
1.19367
1.20887
1.21986
1.22506
1.22358
1.21525
1.20052
1.18045
1.15686
1.13226
1.10953
1.0913
1.07929
1.07404
1.0748
1.07986
1.08732
1.09609
1.10619
1.11808
1.13162
1.14577
1.15915
1.1707
1.1798
1.18603
1.1888
1.18726
1.18058
1.16849
1.15173
1.13222
1.11244
1.09436
1.07919
1.06764
1.06024
1.05729
1.05866
1.0641
1.07338
1.08607
1.10099
1.11641
1.13067
1.14257
1.15145
1.15692
1.15887
1.15743
1.15317
1.14716
1.14078
1.13511
1.13036
1.12565
1.1197
1.1118
1.10239
1.09276
1.08522
1.08449
1.09477
1.0919
1.09111
1.09113
1.09057
1.08835
1.08395
1.07731
1.06878
1.05893
1.04844
1.03791
1.02776
1.01818
1.00945
1.00207
0.996616
0.993471
0.992843
0.995018
1.00066
1.01062
1.02547
1.04518
1.06916
1.09661
1.12651
1.1571
1.18562
1.20894
1.22481
1.23262
1.23348
1.22975
1.22427
1.21926
1.21517
1.21039
1.20225
1.18864
1.16893
1.14412
1.11639
1.08846
1.06286
1.04154
1.02578
1.01633
1.01363
1.01745
1.02643
1.03803
1.04948
1.05896
1.06612
1.07167
1.07675
1.08242
1.08967
1.09939
1.11233
1.12868
1.14768
1.16769
1.18668
1.2028
1.2147
1.22174
1.22404
1.22244
1.21808
1.2119
1.20441
1.19599
1.18732
1.17949
1.17345
1.16944
1.16672
1.16375
1.15881
1.15062
1.1388
1.12423
1.10893
1.0953
1.08519
1.0796
1.07884
1.08289
1.09131
1.1029
1.11539
1.12588
1.13172
1.13121
1.1239
1.11038
1.09183
1.06975
1.04599
1.02287
1.00321
0.989862
0.98477
0.988099
0.998185
1.01233
1.02779
1.04234
1.05457
1.06396
1.07081
1.07587
1.07978
1.08244
1.08298
1.08017
1.07326
1.06256
1.04966
1.03717
1.02807
1.02469
1.02793
1.03701
1.04996
1.06455
1.07878
1.0911
1.10059
1.10693
1.1103
1.11102
1.10952
1.10656
1.10349
1.10212
1.10436
1.11155
1.12391
1.14045
1.1592
1.17785
1.1943
1.20699
1.21483
1.21698
1.21274
1.20171
1.18411
1.1611
1.13468
1.10732
1.0814
1.05894
1.04142
1.02994
1.02527
1.02783
1.03746
1.05321
1.07339
1.09611
1.11977
1.14339
1.16637
1.18814
1.20787
1.22439
1.23642
1.24293
1.24353
1.23864
1.22929
1.21668
1.20148
1.18344
1.1618
1.13637
1.10864
1.08202
1.06081
1.04855
1.04668
1.05426
1.06864
1.08651
1.1049
1.1219
1.13679
1.14982
1.16176
1.17303
1.18272
1.18886
1.1896
1.18426
1.17345
1.15845
1.14069
1.12156
1.10256
1.08544
1.07218
1.06462
1.06363
1.06854
1.07732
1.08757
1.09759
1.10672
1.11492
1.122
1.12734
1.13015
1.12994
1.12684
1.12161
1.11541
1.10946
1.1048
1.10212
1.10172
1.1034
1.10649
1.10981
1.11221
1.11344
1.11489
1.11889
1.1267
1.13723
1.14819
1.15793
1.16601
1.17265
1.17789
1.18123
1.18194
1.17951
1.17407
1.16655
1.15825
1.15044
1.14403
1.13972
1.13836
1.14087
1.14778
1.15857
1.17139
1.1836
1.19286
1.19784
1.19809
1.19367
1.1849
1.1724
1.15728
1.14093
1.12472
1.10965
1.09628
1.08494
1.07605
1.07015
1.06786
1.06954
1.07509
1.08362
1.09349
1.10267
1.10951
1.11327
1.11381
1.11132
1.10636
1.09998
1.09382
1.08971
1.08898
1.09198
1.09805
1.10608
1.11506
1.1244
1.13388
1.14346
1.15298
1.16196
1.16959
1.17493
1.17706
1.17523
1.16903
1.15843
1.14375
1.12578
1.10571
1.08516
1.06611
1.05061
1.04046
1.03693
1.04065
1.05146
1.06847
1.09
1.11375
1.13705
1.15733
1.17259
1.18191
1.1856
1.18493
1.18166
1.17744
1.17358
1.17105
1.17059
1.17242
1.17594
1.17967
1.18152
1.17952
1.17248
1.1606
1.14548
1.1296
1.11516
1.10307
1.09246
1.0813
1.06746
1.04959
1.02787
1.00451
0.98381
0.971029
0.96986
0.980574
1.00022
1.02444
1.04906
1.07087
1.08799
1.09979
1.10668
1.1095
1.10915
1.10672
1.10381
1.10257
1.10493
1.11159
1.12167
1.13329
1.14438
1.15254
1.15465
1.14795
1.13221
1.11083
1.09011
1.07702
1.07612
1.0875
1.107
1.12875
1.14771
1.16088
1.16727
1.16747
1.16325
1.157
1.15091
1.14602
1.14188
1.13709
1.13034
1.12106
1.1097
1.09762
1.08702
1.08057
1.08071
1.08847
1.10279
1.12104
1.14033
1.15856
1.17459
1.18783
1.1977
1.20339
1.20395
1.19868
1.1874
1.17079
1.15114
1.13334
1.12424
1.12821
1.14324
1.16328
1.18303
1.19988
1.21327
1.22354
1.2311
1.23609
1.23829
1.23726
1.23271
1.22482
1.2145
1.20346
1.19369
1.18682
1.18355
1.18338
1.18493
1.18648
1.1866
1.18451
1.18006
1.17367
1.16611
1.15836
1.15129
1.1451
1.13899
1.1316
1.12224
1.1118
1.10274
1.09795
1.09932
1.10659
1.11743
1.12859
1.13724
1.14204
1.14356
1.14403
1.14635
1.15234
1.16168
1.17233
1.18198
1.18882
1.19158
1.18933
1.18153
1.16821
1.15005
1.12831
1.10463
1.0809
1.05919
1.04189
1.03176
1.03116
1.04088
1.05934
1.08287
1.10691
1.12719
1.14089
1.14715
1.14698
1.14272
1.13698
1.13166
1.12756
1.12488
1.12389
1.12498
1.12823
1.1331
1.13858
1.14364
1.14759
1.15027
1.15182
1.1525
1.15249
1.15186
1.15054
1.14825
1.14422
1.13712
1.12519
1.1069
1.08185
1.05163
1.01998
0.991802
0.97137
0.960718
0.959588
0.966456
0.979605
0.99741
1.01828
1.04061
1.06297
1.08431
1.10377
1.12037
1.13293
1.14038
1.14226
1.13914
1.13276
1.12561
1.11993
1.1167
1.11534
1.11418
1.11157
1.10663
1.09921
1.08965
1.07871
1.06796
1.05987
1.05682
1.05925
1.06551
1.07359
1.08313
1.09565
1.11301
1.1354
1.16034
1.18382
1.20211
1.2128
1.21477
1.2078
1.19223
1.16916
1.14063
1.10996
1.08166
1.06079
1.05132
1.05409
1.06629
1.083
1.09972
1.11381
1.12474
1.13333
1.1409
1.14864
1.15714
1.16623
1.17511
1.18249
1.18707
1.18787
1.18434
1.17636
1.16411
1.14825
1.13007
1.11138
1.09422
1.08037
1.07102
1.06677
1.06781
1.07412
1.08539
1.1008
1.11884
1.1376
1.15516
1.17013
1.1819
1.19038
1.19552
1.19686
1.1932
1.18301
1.16549
1.14226
1.11894
1.10414
1.10409
1.11738
1.1364
1.15345
1.16437
1.16806
1.16464
1.15441
1.1378
1.11573
1.09011
1.06398
1.04109
1.02513
1.01888
1.0236
1.03897
1.06323
1.09317
1.12453
1.15288
1.17485
1.18916
1.19657
1.19906
1.19839
1.19532
1.18976
1.1815
1.171
1.15967
1.14963
1.14309
1.14154
1.1452
1.1528
1.16189
1.16939
1.17223
1.16803
1.15553
1.13499
1.10844
1.07954
1.05284
1.0324
1.02048
1.01731
1.02145
1.03021
1.04017
1.04818
1.05274
1.05458
1.056
1.05975
1.0678
1.08087
1.09849
1.11912
1.1406
1.16064
1.17752
1.19038
1.19933
1.20528
1.20961
1.21354
1.21754
1.22105
1.22287
1.2218
1.21746
1.21074
1.2035
1.19766
1.19413
1.19231
1.19062
1.18758
1.18255
1.17585
1.16834
1.16097
1.15449
1.1493
1.14553
1.14298
1.14107
1.13872
1.13454
1.12729
1.11664
1.10372
1.09099
1.08145
1.0775
1.08032
1.08997
1.10544
1.12475
1.14542
1.16528
1.18318
1.19874
1.21197
1.22289
1.23156
1.23815
1.243
1.24659
1.24939
1.25143
1.25173
1.24812
1.23794
1.21951
1.19395
1.16633
1.14383
1.13066
1.12515
1.12289
1.12131
1.12033
1.12051
1.12154
1.12201
1.12005
1.1142
1.10386
1.0897
1.07367
1.0586
1.04731
1.04145
1.04087
1.04405
1.04936
1.05598
1.06397
1.07384
1.08583
1.09952
1.11361
1.12619
1.13521
1.1391
1.13724
1.13022
1.11991
1.10919
1.10125
1.0986
1.10212
1.11062
1.12124
1.13046
1.13527
1.13394
1.12614
1.11272
1.09528
1.07569
1.05572
1.037
1.02128
1.01068
1.00752
1.0137
1.02974
1.05408
1.08326
1.11281
1.13846
1.15705
1.16703
1.16831
1.16203
1.15012
1.13496
1.11925
1.1057
1.09659
1.09323
1.09561
1.1024
1.11147
1.12056
1.12764
1.13102
1.12946
1.12234
1.10988
1.09355
1.07611
1.06122
1.05191
1.0491
1.05121
1.05526
1.05858
1.05969
1.0583
1.05493
1.05048
1.04615
1.04337
1.04346
1.04711
1.05414
1.0637
1.07471
1.08639
1.0985
1.11121
1.12459
1.13816
1.15079
1.16108
1.16791
1.17092
1.17056
1.1681
1.16522
1.16351
1.16393
1.16641
1.16983
1.17256
1.17327
1.17143
1.16756
1.16294
1.15915
1.15742
1.1583
1.16172
1.16718
1.17392
1.1809
1.18707
1.19184
1.1953
1.19798
1.20048
1.20317
1.2063
1.21014
1.21511
1.22163
1.22975
1.23892
1.24802
1.25571
1.26089
1.26284
1.26129
1.25617
1.24756
1.23568
1.22083
1.20356
1.18477
1.16572
1.14798
1.13327
1.12314
1.11859
1.11981
1.12617
1.13644
1.14904
1.16232
1.17471
1.18496
1.1923
1.19643
1.19717
1.19419
1.18737
1.17733
1.16556
1.15406
1.14514
1.14141
1.14558
1.15927
1.18184
1.20992
1.23844
1.26243
1.27854
1.28564
1.28459
1.27746
1.26644
1.2529
1.23707
1.21843
1.19658
1.17196
1.14594
1.1205
1.09772
1.07953
1.06744
1.06244
1.06484
1.07403
1.08868
1.10695
1.12687
1.14647
1.16378
1.17683
1.18406
1.18471
1.17939
1.17013
1.15991
1.15143
1.14594
1.14308
1.14176
1.14121
1.14125
1.14161
1.14125
1.13842
1.13131
1.11898
1.10188
1.08202
1.06296
1.04919
1.04488
1.05179
1.06798
1.08887
1.10945
1.12606
1.13691
1.14193
1.14216
1.13929
1.13534
1.13257
1.13326
1.13889
1.14928
1.1624
1.17522
1.18483
1.18919
1.18728
1.17888
1.16431
1.14445
1.12082
1.09574
1.07233
1.05422
1.04488
1.04663
1.05986
1.08274
1.11187
1.14322
1.1729
1.19758
1.21473
1.22277
1.22114
1.21028
1.19179
1.16848
1.14401
1.12165
1.10273
1.0862
1.07031
1.05472
1.04154
1.03412
1.03459
1.04215
1.0537
1.06548
1.07435
1.07833
1.07661
1.06961
1.05869
1.04561
1.0324
1.02152
1.01575
1.01729
1.02699
1.04447
1.06857
1.09758
1.12927
1.16091
1.18972
1.21337
1.22888
1.23023
1.10798
1.11053
1.10746
1.0997
1.08849
1.07516
1.06084
1.04649
1.03333
1.02314
1.01811
1.01991
1.02863
1.04273
1.05984
1.07791
1.0957
1.11266
1.12844
1.14233
1.15306
1.15888
1.15803
1.14933
1.13287
1.11053
1.08604
1.06424
1.04932
1.04289
1.04349
1.04802
1.05361
1.05833
1.06122
1.06234
1.0627
1.06409
1.06844
1.07699
1.08955
1.10458
1.11991
1.13351
1.14424
1.1518
1.15657
1.15921
1.16048
1.16109
1.1616
1.16222
1.1624
1.16078
1.15551
1.14486
1.12779
1.10436
1.07573
1.04398
1.01181
0.982159
0.957847
0.9413
0.93422
0.937304
0.949892
0.969871
0.994035
1.01888
1.04142
1.05967
1.07258
1.07982
1.08139
1.07747
1.06831
1.05434
1.03641
1.01606
0.995707
0.978225
0.965854
0.95914
0.957055
0.95811
0.961303
0.966313
0.973104
0.981501
0.990807
0.999803
1.00724
1.01265
1.01691
1.02198
1.02961
1.03998
1.05139
1.06117
1.06704
1.06791
1.06438
1.0588
1.05475
1.05546
1.06167
1.07152
1.08242
1.09264
1.1014
1.10833
1.1132
1.11597
1.11697
1.11685
1.11643
1.11622
1.11609
1.11528
1.11293
1.10856
1.10248
1.09565
1.08949
1.08536
1.0839
1.08475
1.08651
1.08721
1.08497
1.07846
1.06716
1.0515
1.03284
1.01355
0.996909
0.986681
0.986114
0.996514
1.01631
1.04137
1.06635
1.08645
1.09852
1.10145
1.09598
1.08422
1.06912
1.05382
1.04088
1.0316
1.02586
1.02239
1.01958
1.01619
1.01181
1.00694
1.00282
1.00099
1.00264
1.00803
1.01618
1.0253
1.03356
1.03979
1.04377
1.04626
1.04909
1.05445
1.06351
1.07508
1.08595
1.09278
1.09371
1.08885
1.07987
1.0693
1.05962
1.05246
1.04818
1.04608
1.04513
1.0447
1.04474
1.04562
1.04765
1.05071
1.05425
1.0575
1.05982
1.06094
1.06073
1.05907
1.05565
1.05005
1.04209
1.03241
1.02305
1.01727
1.01814
1.02672
1.04116
1.05779
1.07288
1.08394
1.09011
1.09196
1.09102
1.08915
1.08765
1.08685
1.08632
1.08544
1.08389
1.08186
1.08004
1.0794
1.08067
1.08392
1.08848
1.09357
1.09897
1.10529
1.11348
1.12404
1.13645
1.14891
1.1588
1.16337
1.16044
1.14877
1.12851
1.10166
1.07226
1.04531
1.02478
1.0128
1.01014
1.01619
1.02853
1.04348
1.05746
1.06801
1.07418
1.0764
1.07623
1.07586
1.07706
1.08029
1.08467
1.08878
1.09165
1.09325
1.09442
1.09602
1.09777
1.09786
1.09401
1.08501
1.07155
1.05559
1.03909
1.02307
1.0076
0.992531
0.978244
0.965884
0.956924
0.952395
0.952334
0.955865
0.961941
0.96984
0.979213
0.989817
1.00128
1.01305
1.02456
1.0352
1.04429
1.05107
1.05494
1.05585
1.05461
1.05251
1.05064
1.04909
1.04693
1.04276
1.03557
1.02519
1.01244
0.998745
0.985762
0.975106
0.9683
0.966473
0.969914
0.97786
0.988883
1.00154
1.01478
1.02785
1.04007
1.05063
1.05863
1.06328
1.06406
1.061
1.05482
1.04691
1.03908
1.03308
1.03031
1.0316
1.03705
1.04598
1.05701
1.06835
1.07839
1.08604
1.09088
1.09286
1.09198
1.0882
1.08153
1.07228
1.06129
1.04998
1.0401
1.03327
1.03052
1.03214
1.03751
1.04506
1.05251
1.05762
1.0589
1.05573
1.04808
1.03618
1.02076
1.00409
0.991035
0.988082
0.999687
1.02472
1.05726
1.09038
1.11872
1.13892
1.14927
1.14939
1.14026
1.12436
1.10537
1.08705
1.07185
1.06024
1.05138
1.04426
1.03851
1.03444
1.03271
1.03388
1.03811
1.04517
1.05454
1.06561
1.07763
1.08979
1.1011
1.11045
1.11677
1.11927
1.11759
1.11184
1.1026
1.09094
1.07853
1.06767
1.06061
1.05853
1.06081
1.0656
1.0707
1.07425
1.07493
1.07199
1.06534
1.05567
1.04434
1.03324
1.02427
1.01884
1.0174
1.01906
1.02202
1.02414
1.02376
1.01998
1.01282
1.00314
0.992538
0.982999
0.976216
0.973041
0.973412
0.976653
0.982031
0.989076
0.997683
1.00797
1.01999
1.03345
1.04773
1.06203
1.07561
1.08789
1.09849
1.10723
1.11393
1.1183
1.11987
1.11805
1.11236
1.10266
1.08932
1.07321
1.05543
1.03704
1.01892
1.00189
0.986941
0.975431
0.968924
0.96867
0.974879
0.986226
1.00014
1.01378
1.02499
1.03274
1.03695
1.03818
1.03736
1.03555
1.03362
1.032
1.03072
1.02954
1.02828
1.02705
1.02609
1.02546
1.02473
1.02306
1.01967
1.01415
1.0066
0.997556
0.987984
0.979273
0.972994
0.970397
0.972063
0.977887
0.987513
1.00045
1.01563
1.03098
1.04413
1.05351
1.0588
1.06067
1.06036
1.05931
1.05909
1.06118
1.06638
1.07448
1.08428
1.09407
1.10242
1.10854
1.11223
1.11378
1.1138
1.11315
1.11288
1.11393
1.11689
1.12177
1.12795
1.13438
1.13987
1.14339
1.14444
1.14308
1.13975
1.13501
1.12946
1.12363
1.1181
1.11344
1.11016
1.10861
1.10876
1.11007
1.11161
1.11229
1.11119
1.10785
1.10237
1.09531
1.08757
1.07995
1.07299
1.06689
1.06176
1.05773
1.05502
1.05382
1.05411
1.05569
1.05821
1.06127
1.06431
1.06655
1.06703
1.06477
1.05904
1.04952
1.03641
1.02032
1.0023
0.983667
0.965996
0.95082
0.939262
0.93178
0.928204
0.928077
0.93102
0.936945
0.946017
0.958342
0.973546
0.99048
1.00727
1.02194
1.03309
1.04034
1.04427
1.04593
1.0463
1.04604
1.04539
1.04445
1.04333
1.04238
1.04214
1.0432
1.04608
1.05111
1.05831
1.06742
1.07799
1.08953
1.10144
1.11293
1.12307
1.13077
1.13507
1.13523
1.13091
1.12227
1.11013
1.0963
1.08357
1.07492
1.07219
1.07503
1.081
1.08698
1.09062
1.09098
1.08829
1.08331
1.07679
1.06937
1.06174
1.0551
1.05121
1.0515
1.05554
1.061
1.06523
1.06657
1.06449
1.05899
1.05013
1.03809
1.02346
1.00745
0.99193
0.979105
0.970989
0.968673
0.971871
0.978987
0.987658
0.995432
1.00038
1.00148
0.998808
0.993427
0.98705
0.981457
0.97791
0.976799
0.97761
0.979339
0.980974
0.981774
0.981462
0.980187
0.97852
0.977454
0.978207
0.981828
0.988698
0.998276
1.00932
1.02054
1.0311
1.04099
1.05082
1.06126
1.07259
1.08444
1.09598
1.10622
1.11423
1.11924
1.12069
1.11825
1.11202
1.10275
1.092
1.0818
1.07404
1.06968
1.0685
1.06947
1.07145
1.07345
1.07474
1.07492
1.07405
1.0726
1.07126
1.07028
1.0693
1.06753
1.06434
1.05952
1.0533
1.04605
1.03807
1.02959
1.02091
1.01252
1.00503
0.999013
0.994885
0.992873
0.993066
0.995537
1.00041
1.00787
1.018
1.03048
1.04444
1.0586
1.0716
1.08231
1.09
1.09416
1.09442
1.0905
1.08245
1.07075
1.05641
1.04087
1.02575
1.01247
1.00205
0.994963
0.991142
0.99017
0.991451
0.994105
0.996839
0.998077
0.996404
0.991296
0.983639
0.975616
0.96975
0.967468
0.96838
0.970812
0.972993
0.973783
0.972689
0.969727
0.965303
0.960223
0.9556
0.952541
0.951782
0.953461
0.957294
0.962873
0.969917
0.978341
0.988097
0.998903
1.01007
1.02063
1.02977
1.03706
1.0427
1.04723
1.05117
1.05469
1.0576
1.05952
1.06005
1.05888
1.0557
1.05035
1.04308
1.03487
1.02725
1.02163
1.01845
1.01704
1.01621
1.01498
1.01281
1.00968
1.00582
1.0016
0.99729
0.992953
0.988635
0.984612
0.981493
0.980015
0.980682
0.983531
0.988229
0.99433
1.00148
1.00944
1.01794
1.02653
1.03453
1.0411
1.04527
1.04604
1.04257
1.03449
1.02222
1.0071
0.991161
0.976526
0.964857
0.957139
0.953998
0.956541
0.966816
0.98693
1.01695
1.05361
1.09154
1.12567
1.15281
1.17176
1.18268
1.18649
1.18445
1.17785
1.1679
1.15563
1.14179
1.12696
1.11156
1.096
1.08089
1.06715
1.05579
1.04767
1.04304
1.0415
1.04221
1.04434
1.04737
1.0512
1.05585
1.06133
1.06737
1.07328
1.07798
1.08017
1.07863
1.07247
1.06135
1.0456
1.02622
1.00483
0.983504
0.964442
0.94961
0.940366
0.937365
0.940604
0.949517
0.963105
0.979941
0.998177
1.01573
1.0306
1.04135
1.04744
1.04936
1.04849
1.04657
1.04517
1.04522
1.04703
1.05028
1.05401
1.05674
1.05683
1.05323
1.0462
1.03759
1.03028
1.02688
1.02858
1.03484
1.04409
1.0546
1.06482
1.07363
1.08034
1.08474
1.08705
1.08778
1.08747
1.08651
1.085
1.08264
1.07884
1.0728
1.06363
1.05057
1.03337
1.01257
0.989637
0.967007
0.947585
0.933957
0.927421
0.927538
0.932535
0.940235
0.948751
0.956667
0.962909
0.966681
0.967576
0.965695
0.96158
0.956108
0.950433
0.946001
0.944366
0.946762
0.953646
0.964584
0.978405
0.993588
1.00858
1.02196
1.03248
1.03936
1.04262
1.0432
1.04263
1.04248
1.04384
1.04692
1.05111
1.05519
1.05768
1.05715
1.05248
1.04309
1.02914
1.01172
0.992967
0.97595
0.964024
0.959837
0.964232
0.975734
0.990919
1.00559
1.01629
1.02158
1.02245
1.0217
1.0223
1.02581
1.03182
1.0389
1.04578
1.05206
1.05806
1.06434
1.07132
1.07906
1.08732
1.09574
1.10409
1.11235
1.12055
1.12855
1.13579
1.14127
1.14403
1.14367
1.14066
1.1359
1.12978
1.12179
1.11127
1.09838
1.08438
1.07122
1.06071
1.0539
1.05087
1.05088
1.05278
1.05537
1.05762
1.05873
1.05812
1.05546
1.05079
1.04444
1.037
1.02931
1.02254
1.01817
1.01739
1.02046
1.02648
1.03388
1.04128
1.04791
1.05353
1.05801
1.06099
1.06183
1.05989
1.055
1.04781
1.03968
1.03205
1.02577
1.02072
1.01626
1.01175
1.00699
1.00217
0.997632
0.993657
0.990243
0.987239
0.984685
0.983156
0.98373
0.987024
0.987578
1.10725
1.11595
1.12316
1.12586
1.12207
1.11176
1.09702
1.08123
1.0679
1.05942
1.05674
1.05954
1.06671
1.07669
1.08786
1.09891
1.10902
1.11772
1.12467
1.12937
1.13107
1.12893
1.1222
1.11064
1.09499
1.0772
1.06019
1.04688
1.03895
1.03642
1.03816
1.04292
1.04967
1.05753
1.06589
1.07493
1.08547
1.09822
1.1129
1.12841
1.14336
1.15654
1.16702
1.17405
1.17712
1.17611
1.1713
1.16334
1.15296
1.14062
1.12617
1.10884
1.08794
1.06433
1.04218
1.02895
1.03119
1.04835
1.07276
1.09616
1.11395
1.12479
1.12878
1.12641
1.11822
1.10486
1.08725
1.06668
1.04497
1.02431
1.00706
0.995485
0.991473
0.996193
1.00954
1.02952
1.0522
1.07257
1.08609
1.09012
1.0849
1.0735
1.06059
1.05051
1.04575
1.04696
1.05348
1.06362
1.07481
1.08452
1.09135
1.09562
1.09827
1.09963
1.09939
1.09725
1.09329
1.08789
1.08185
1.07638
1.07294
1.07292
1.07714
1.0854
1.09642
1.1081
1.11795
1.12363
1.12337
1.11646
1.10366
1.08728
1.07079
1.05802
1.052
1.05377
1.06211
1.07451
1.08879
1.10402
1.11976
1.13491
1.14787
1.15778
1.16507
1.1707
1.17487
1.17662
1.17445
1.16742
1.15592
1.14158
1.1265
1.11232
1.09997
1.09007
1.08352
1.08149
1.08486
1.09354
1.10616
1.12045
1.13411
1.14557
1.15434
1.16068
1.16512
1.16792
1.16896
1.16782
1.16414
1.15795
1.1499
1.14119
1.13326
1.12735
1.12431
1.12427
1.12669
1.13028
1.13341
1.13464
1.13312
1.12874
1.12197
1.11351
1.10422
1.09509
1.0874
1.08262
1.082
1.08609
1.09463
1.1067
1.12102
1.13613
1.15061
1.16316
1.17264
1.17807
1.17876
1.17442
1.16529
1.15235
1.13742
1.12301
1.11157
1.10463
1.1022
1.10297
1.10499
1.1065
1.10659
1.10574
1.10578
1.10861
1.11427
1.12031
1.12325
1.12099
1.11386
1.10449
1.09659
1.09339
1.09637
1.10473
1.11591
1.12656
1.13357
1.13495
1.13029
1.12102
1.11028
1.10201
1.09946
1.104
1.11496
1.13031
1.14753
1.16421
1.17831
1.18837
1.19352
1.19344
1.18842
1.17936
1.16765
1.15488
1.14228
1.13035
1.11876
1.1065
1.09217
1.07426
1.05154
1.024
0.993885
0.966215
0.947099
0.940216
0.944455
0.955401
0.968685
0.982131
0.995747
1.01029
1.02567
1.04084
1.05477
1.06713
1.07802
1.08755
1.09568
1.10234
1.10753
1.11151
1.11476
1.11785
1.12106
1.12422
1.12659
1.12725
1.12557
1.12151
1.11562
1.1086
1.10087
1.09238
1.08299
1.07291
1.06299
1.05454
1.0488
1.04626
1.04624
1.04717
1.04751
1.04655
1.04455
1.04193
1.03849
1.03314
1.02461
1.01224
0.996386
0.97858
0.961395
0.948107
0.942055
0.945609
0.95923
0.981317
1.00873
1.03771
1.06482
1.08759
1.10475
1.11571
1.12008
1.11747
1.10774
1.09152
1.07059
1.04773
1.02626
1.00909
0.998015
0.993186
0.993549
0.997581
1.00384
1.01106
1.01796
1.02324
1.02615
1.02716
1.02836
1.03276
1.04283
1.05904
1.07967
1.10166
1.1218
1.13756
1.1475
1.1515
1.15084
1.1484
1.1477
1.15075
1.15637
1.16135
1.16314
1.16118
1.15658
1.15122
1.14703
1.1455
1.14719
1.15156
1.15706
1.16176
1.16392
1.1624
1.15675
1.14715
1.1344
1.11984
1.10528
1.09263
1.08353
1.0789
1.07882
1.08248
1.08849
1.09516
1.10099
1.10504
1.10696
1.10682
1.10493
1.10178
1.09818
1.09502
1.09274
1.09081
1.08784
1.0823
1.07341
1.06167
1.04893
1.03805
1.03213
1.03336
1.04249
1.05843
1.07861
1.09972
1.11874
1.13378
1.1442
1.1504
1.15346
1.15482
1.156
1.15834
1.16259
1.16854
1.17517
1.18096
1.18449
1.18488
1.18189
1.17579
1.16712
1.15648
1.14455
1.13213
1.12013
1.10938
1.10039
1.09327
1.08793
1.08438
1.08298
1.08443
1.08949
1.09871
1.11206
1.12888
1.14791
1.16756
1.1862
1.20214
1.21377
1.21962
1.21872
1.21099
1.19752
1.18049
1.1626
1.14633
1.13329
1.12399
1.11775
1.11289
1.1072
1.09865
1.08617
1.0702
1.0526
1.0361
1.02341
1.01652
1.01612
1.02146
1.03056
1.04093
1.05034
1.05744
1.06192
1.06419
1.06488
1.06461
1.06402
1.06394
1.06523
1.06828
1.07284
1.07808
1.08314
1.08741
1.09077
1.09351
1.09621
1.09932
1.10266
1.10541
1.10648
1.10526
1.10202
1.09794
1.0948
1.09457
1.09885
1.10833
1.12243
1.13924
1.15594
1.16966
1.17833
1.18133
1.17962
1.17545
1.17161
1.17039
1.17268
1.17763
1.18315
1.18692
1.18761
1.18535
1.18126
1.17644
1.17169
1.16746
1.1639
1.1609
1.15847
1.15688
1.15622
1.15614
1.15591
1.15465
1.15159
1.14615
1.1381
1.12773
1.11607
1.10482
1.09604
1.09164
1.09287
1.09994
1.11187
1.12666
1.14196
1.1558
1.16683
1.17418
1.1775
1.17667
1.17167
1.16249
1.14936
1.13314
1.11538
1.09811
1.0833
1.07238
1.06586
1.06334
1.06384
1.06626
1.06971
1.07354
1.07716
1.0799
1.08089
1.07928
1.07447
1.06641
1.05581
1.04434
1.03442
1.02861
1.02854
1.03425
1.04417
1.05602
1.06782
1.07854
1.08837
1.09846
1.11011
1.12375
1.13838
1.15194
1.16202
1.16661
1.1645
1.15565
1.14142
1.12447
1.10795
1.09444
1.08537
1.0812
1.08171
1.08613
1.09331
1.10189
1.1105
1.11793
1.1232
1.12572
1.12552
1.12344
1.12121
1.12105
1.12483
1.1333
1.14566
1.15981
1.17308
1.1831
1.18845
1.18894
1.18537
1.17921
1.17224
1.16625
1.1627
1.16235
1.16507
1.16985
1.17512
1.1792
1.18076
1.1789
1.17304
1.16291
1.14895
1.13286
1.11749
1.10577
1.09929
1.0978
1.09975
1.10302
1.10538
1.10489
1.10049
1.09249
1.08293
1.07515
1.07251
1.07654
1.08589
1.0971
1.10634
1.11112
1.11063
1.10532
1.09602
1.08365
1.06938
1.05485
1.04202
1.03281
1.02859
1.03006
1.03735
1.05045
1.06912
1.09238
1.11805
1.14297
1.16358
1.17677
1.18083
1.17595
1.16391
1.14717
1.12789
1.10771
1.08792
1.0696
1.0534
1.03942
1.0275
1.01795
1.01181
1.01062
1.0155
1.02642
1.04176
1.05834
1.07234
1.08098
1.08391
1.08318
1.08155
1.08082
1.08134
1.08277
1.08451
1.08597
1.08666
1.08632
1.08507
1.08347
1.08237
1.08273
1.08526
1.09012
1.09684
1.10448
1.11191
1.11802
1.12182
1.12234
1.1186
1.10952
1.09407
1.07162
1.04255
1.00907
0.975731
0.949047
0.935596
0.939158
0.958741
0.989289
1.0243
1.05814
1.08704
1.10902
1.12389
1.13283
1.13769
1.14023
1.14154
1.14194
1.14118
1.13884
1.13457
1.1284
1.12068
1.11201
1.10303
1.09434
1.08645
1.0797
1.07425
1.06999
1.06662
1.06375
1.06118
1.05904
1.05788
1.05848
1.06159
1.06754
1.07604
1.08643
1.09795
1.11009
1.12264
1.13559
1.14884
1.16193
1.17392
1.1835
1.18938
1.19061
1.18686
1.17822
1.16516
1.14851
1.12961
1.11052
1.09375
1.08179
1.07642
1.07837
1.08721
1.10151
1.11907
1.13731
1.1537
1.16607
1.17315
1.1748
1.17223
1.16757
1.16293
1.1595
1.15736
1.15614
1.15537
1.15446
1.15284
1.15028
1.14708
1.1439
1.14122
1.13892
1.1363
1.13231
1.12595
1.1168
1.10558
1.09454
1.087
1.08601
1.0928
1.10611
1.12307
1.14058
1.15639
1.16941
1.1794
1.18639
1.19019
1.19016
1.18543
1.17541
1.16033
1.14156
1.12132
1.10193
1.08527
1.07255
1.0645
1.06141
1.06304
1.06871
1.07734
1.08752
1.0974
1.10479
1.10753
1.10447
1.09699
1.08952
1.08683
1.09038
1.09872
1.11023
1.12292
1.13354
1.13886
1.13749
1.13031
1.1201
1.11075
1.10619
1.10921
1.12042
1.13797
1.15817
1.17665
1.18964
1.19465
1.19053
1.17721
1.15545
1.12679
1.09369
1.05995
1.03047
1.01002
1.00158
1.00576
1.02128
1.04518
1.07317
1.10067
1.12395
1.14069
1.14988
1.15159
1.14672
1.13692
1.12421
1.11055
1.09741
1.08585
1.07677
1.07099
1.06897
1.07049
1.07469
1.08043
1.08682
1.09342
1.10022
1.10754
1.1158
1.12535
1.13622
1.1479
1.15927
1.16887
1.1753
1.17755
1.17542
1.16957
1.16126
1.1518
1.14201
1.13203
1.12169
1.1111
1.10091
1.09206
1.08536
1.08113
1.07901
1.07798
1.07669
1.07396
1.06923
1.06284
1.05584
1.04968
1.04559
1.0443
1.04581
1.04936
1.05352
1.05647
1.05651
1.05266
1.04509
1.03545
1.02684
1.02309
1.02733
1.04028
1.05964
1.08132
1.10154
1.11823
1.13093
1.14006
1.14598
1.1487
1.14786
1.14295
1.13363
1.12006
1.10326
1.08532
1.06899
1.0569
1.05058
1.05018
1.05477
1.0629
1.07309
1.08388
1.09394
1.10201
1.107
1.10805
1.10475
1.09732
1.0868
1.07512
1.06475
1.05822
1.05753
1.06364
1.07637
1.09446
1.11588
1.13813
1.15859
1.17473
1.1844
1.18604
1.1789
1.16328
1.14057
1.11311
1.08378
1.05541
1.03014
1.00897
0.991987
0.979116
0.970787
0.967888
0.970938
0.979371
0.991429
1.00452
1.01586
1.02307
1.02485
1.02146
1.01485
1.00809
1.00432
1.00554
1.01198
1.02225
1.03418
1.04579
1.05606
1.06486
1.07251
1.07918
1.08472
1.08886
1.09147
1.09279
1.09326
1.09325
1.09282
1.09165
1.08923
1.08497
1.07813
1.06794
1.05414
1.03761
1.02044
1.00533
0.994877
0.991167
0.995618
1.00835
1.02761
1.05006
1.07207
1.09088
1.10533
1.11597
1.12435
1.13167
1.13782
1.14182
1.14294
1.14149
1.13862
1.13572
1.13405
1.13394
1.10027
1.10237
1.10561
1.10915
1.11235
1.11491
1.11682
1.11822
1.11931
1.12027
1.12117
1.1219
1.12212
1.12145
1.11959
1.11643
1.11214
1.10696
1.10072
1.09264
1.08177
1.06767
1.05091
1.03334
1.01783
1.00744
1.00405
1.00751
1.01572
1.02578
1.03546
1.04377
1.05069
1.0563
1.06043
1.06262
1.06242
1.0594
1.05318
1.04371
1.03162
1.01851
1.00682
0.999224
0.997856
1.00371
1.01633
1.03412
1.05494
1.0767
1.09769
1.11688
1.13386
1.14845
1.16002
1.16735
1.16909
1.16452
1.15391
1.13862
1.12098
1.10391
1.08991
1.08009
1.07422
1.07151
1.07132
1.07342
1.07824
1.0865
1.09838
1.11289
1.12808
1.14189
1.15299
1.16113
1.16695
1.17159
1.17597
1.18032
1.1841
1.18661
1.18755
1.18726
1.18637
1.18536
1.18408
1.18182
1.17741
1.16958
1.15729
1.14017
1.1195
1.09916
1.08498
1.08093
1.08554
1.09359
1.10046
1.10406
1.10412
1.10113
1.09584
1.08927
1.08243
1.07604
1.07029
1.0649
1.05951
1.05416
1.04942
1.04644
1.04648
1.0503
1.05759
1.06702
1.07675
1.08514
1.091
1.09364
1.09282
1.08885
1.08239
1.07435
1.06565
1.05717
1.04992
1.04495
1.04312
1.04499
1.05081
1.0608
1.07516
1.09362
1.11475
1.13599
1.15431
1.16718
1.17299
1.17122
1.16225
1.1472
1.12785
1.10639
1.08527
1.06708
1.05446
1.04986
1.05471
1.06825
1.08741
1.10801
1.12664
1.14156
1.15245
1.15959
1.16317
1.16323
1.16001
1.15438
1.14763
1.14097
1.13503
1.13008
1.12637
1.1241
1.12312
1.12278
1.12218
1.12067
1.11819
1.11501
1.11099
1.1052
1.09621
1.08304
1.06597
1.04694
1.0294
1.01741
1.01397
1.01947
1.03158
1.04647
1.06066
1.07193
1.07933
1.08276
1.08262
1.07966
1.07493
1.06959
1.06468
1.06095
1.05881
1.05847
1.06
1.06337
1.0685
1.07535
1.08372
1.09311
1.10254
1.1107
1.11617
1.11789
1.11547
1.10948
1.10147
1.09361
1.0877
1.08427
1.08253
1.08136
1.08051
1.0806
1.0824
1.0864
1.09274
1.10119
1.11064
1.11915
1.12453
1.12506
1.12007
1.11013
1.09723
1.08428
1.07415
1.06814
1.06546
1.06376
1.06062
1.05471
1.04645
1.03817
1.03361
1.03661
1.04917
1.06982
1.09392
1.11598
1.13203
1.14054
1.14204
1.13808
1.13038
1.1206
1.11021
1.10041
1.09201
1.08533
1.08054
1.07787
1.07767
1.08008
1.08476
1.09075
1.09669
1.10113
1.10295
1.10156
1.09709
1.09032
1.0826
1.07568
1.07135
1.07079
1.07412
1.08047
1.08853
1.09701
1.10495
1.11172
1.11732
1.12287
1.13049
1.14213
1.15791
1.17603
1.19396
1.20968
1.22203
1.23064
1.23574
1.23792
1.23774
1.23556
1.23154
1.22586
1.21888
1.21111
1.20316
1.19564
1.18911
1.18381
1.17965
1.17622
1.17294
1.16921
1.16449
1.15872
1.15255
1.14725
1.14426
1.14441
1.14753
1.15245
1.1576
1.16159
1.16351
1.16299
1.16002
1.1548
1.14751
1.13836
1.12759
1.11553
1.1026
1.08928
1.07606
1.06349
1.05213
1.04256
1.03523
1.03016
1.02677
1.02379
1.01943
1.01187
1.00007
0.984808
0.969559
0.959646
0.959319
0.968795
0.984409
1.00129
1.01579
1.02649
1.0345
1.04294
1.05478
1.07031
1.08644
1.09885
1.10441
1.10228
1.09368
1.08116
1.06766
1.05572
1.047
1.04222
1.04152
1.04443
1.04996
1.05651
1.06236
1.0661
1.06698
1.06495
1.06071
1.05552
1.05113
1.04939
1.05194
1.05963
1.07185
1.08611
1.09856
1.10529
1.10358
1.09281
1.07475
1.05316
1.03234
1.01503
1.00145
0.990593
0.982405
0.978587
0.980924
0.988926
0.99964
1.0096
1.01697
1.02212
1.02689
1.0334
1.04311
1.05632
1.07213
1.08864
1.10344
1.11425
1.11961
1.11902
1.11288
1.10221
1.08835
1.07273
1.0568
1.04173
1.0283
1.01673
1.00671
0.997631
0.989079
0.981108
0.974411
0.970139
0.969395
0.972709
0.979776
0.989666
1.00137
1.0142
1.02786
1.04228
1.05736
1.07277
1.08791
1.10214
1.11486
1.12574
1.13459
1.14119
1.1451
1.14579
1.14304
1.13733
1.12977
1.12166
1.11395
1.10709
1.10116
1.09644
1.09336
1.09217
1.09246
1.0933
1.09417
1.0958
1.09957
1.10532
1.11037
1.11112
1.10521
1.09219
1.07309
1.0498
1.02478
1.00087
0.98088
0.96725
0.961394
0.963352
0.971871
0.984901
1.00019
1.01573
1.02995
1.04202
1.05189
1.06041
1.06917
1.07998
1.09408
1.11149
1.1308
1.14959
1.16506
1.1748
1.1774
1.17287
1.16259
1.14901
1.13476
1.12139
1.10869
1.09517
1.07961
1.06234
1.04543
1.03156
1.02259
1.01866
1.01837
1.01969
1.02096
1.02141
1.02127
1.02155
1.02378
1.02949
1.03942
1.05289
1.06789
1.08178
1.09218
1.09753
1.0973
1.09223
1.08411
1.07524
1.06747
1.06144
1.05659
1.05221
1.04854
1.04703
1.04904
1.05401
1.05889
1.05993
1.05525
1.04616
1.03699
1.03326
1.03869
1.05312
1.07303
1.09365
1.11106
1.12286
1.12795
1.12604
1.11739
1.10316
1.08555
1.0677
1.0529
1.04369
1.04114
1.04458
1.05213
1.06138
1.06999
1.07599
1.07803
1.07565
1.06955
1.06148
1.05374
1.04834
1.04618
1.04681
1.04898
1.05142
1.05334
1.05451
1.05513
1.05572
1.05695
1.05943
1.0636
1.06973
1.07785
1.08767
1.0985
1.10936
1.11914
1.12671
1.13112
1.13197
1.12966
1.12542
1.12067
1.11622
1.1121
1.10805
1.10427
1.10144
1.10009
1.09982
1.09915
1.09586
1.08791
1.07428
1.05541
1.03325
1.01084
0.991779
0.979584
0.976803
0.984036
0.999538
1.01971
1.04029
1.05748
1.06868
1.07298
1.0714
1.0664
1.06073
1.05609
1.053
1.05165
1.05245
1.05563
1.06074
1.06674
1.07252
1.07723
1.08006
1.08018
1.07698
1.07092
1.06383
1.05816
1.05586
1.05776
1.06368
1.07264
1.08284
1.092
1.09819
1.10044
1.09886
1.09419
1.0875
1.07993
1.07253
1.06612
1.06118
1.05795
1.05655
1.05704
1.05926
1.06277
1.06689
1.07092
1.07437
1.07707
1.07908
1.08034
1.08063
1.07961
1.07716
1.0735
1.06914
1.06455
1.05988
1.05495
1.04958
1.04408
1.03941
1.037
1.03814
1.04331
1.05189
1.06237
1.07289
1.0819
1.08834
1.09159
1.09115
1.08641
1.07683
1.06259
1.04508
1.027
1.01187
1.00321
1.00344
1.01284
1.02894
1.04738
1.0638
1.07544
1.08157
1.08293
1.08087
1.07663
1.0711
1.06478
1.05788
1.05064
1.04355
1.03745
1.03335
1.0322
1.03456
1.04033
1.04875
1.05862
1.06864
1.07781
1.08536
1.09072
1.09345
1.09324
1.09035
1.08586
1.08149
1.079
1.07941
1.08268
1.08789
1.09372
1.09889
1.10254
1.10434
1.10448
1.10367
1.10304
1.10375
1.10645
1.1109
1.11622
1.12145
1.12602
1.12995
1.13361
1.13733
1.14108
1.14445
1.14673
1.14731
1.14594
1.14292
1.13917
1.13607
1.13512
1.1375
1.14358
1.1527
1.16334
1.17359
1.18147
1.18531
1.18387
1.17658
1.16366
1.14629
1.12682
1.10875
1.09557
1.08874
1.08684
1.08705
1.08734
1.08673
1.08424
1.07848
1.06832
1.05379
1.03621
1.0179
1.00187
0.991364
0.989137
0.996433
1.01228
1.03347
1.05574
1.07537
1.09032
1.10044
1.10665
1.10986
1.11045
1.10838
1.10365
1.09682
1.08918
1.08255
1.07886
1.07966
1.08558
1.09589
1.10847
1.1204
1.1288
1.1318
1.12917
1.12224
1.11316
1.1039
1.09575
1.08933
1.08493
1.08281
1.08328
1.08672
1.09346
1.10343
1.11571
1.12837
1.13907
1.14592
1.14801
1.14534
1.13849
1.12828
1.11576
1.10223
1.08941
1.07929
1.07376
1.07363
1.07776
1.08303
1.08538
1.08145
1.06976
1.05124
1.02921
1.00864
0.994403
0.989397
0.993478
1.00429
1.01901
1.03547
1.05241
1.06917
1.08527
1.1001
1.11279
1.12206
1.12648
1.12478
1.11637
1.10161
1.082
1.0599
1.03822
1.01984
1.00676
0.999514
0.997203
0.998134
1.0008
1.00436
1.00875
1.01432
1.02133
1.02945
1.03744
1.04329
1.04482
1.04051
1.03016
1.01501
0.997497
0.980712
0.967766
0.96119
0.962234
0.970366
0.983501
0.998914
1.01419
1.02774
1.03884
1.04776
1.0556
1.06323
1.06992
1.07323
1.07068
1.06141
1.04662
1.02893
1.01157
0.997743
0.990309
0.991242
1.00105
1.01843
1.04062
1.06436
1.0868
1.10616
1.12202
1.13496
1.14597
1.15593
1.16521
1.17363
1.18067
1.18569
1.1881
1.18746
1.18352
1.17629
1.16615
1.154
1.14121
1.12938
1.11993
1.11355
1.11
1.10819
1.10664
1.10399
1.09938
1.09261
1.08412
1.07472
1.06544
1.05724
1.05104
1.04774
1.0482
1.05282
1.06115
1.07157
1.08174
1.08947
1.09382
1.09572
1.09748
1.10113
1.10658
1.11151
1.11334
1.11119
1.10638
1.10155
1.09918
1.10034
1.10439
1.10956
1.11397
1.11628
1.11583
1.11247
1.10637
1.09794
1.08784
1.07685
1.06578
1.05547
1.04655
1.03941
1.03407
1.03033
1.02805
1.02743
1.02892
1.03252
1.03732
1.04175
1.04463
1.04581
1.04604
1.04646
1.04814
1.05181
1.05789
1.06625
1.07617
1.08653
1.09619
1.10442
1.11091
1.1158
1.11932
1.12161
1.12263
1.1222
1.12023
1.11689
1.11258
1.10782
1.10313
1.09866
1.09395
1.08805
1.08015
1.07047
1.06058
1.05312
1.0509
1.0559
1.06844
1.08719
1.1095
1.13231
1.1529
1.16928
1.18024
1.18545
1.18543
1.18142
1.17514
1.16812
1.1613
1.15502
1.14914
1.14319
1.13634
1.12772
1.1167
1.10337
1.08877
1.07621
1.07493
1.09023
1.08551
1.08777
1.09685
1.11119
1.12837
1.14564
1.16028
1.16997
1.17323
1.16965
1.15996
1.14572
1.12891
1.11134
1.09426
1.07821
1.06328
1.04954
1.0372
1.02646
1.01752
1.01091
1.00796
1.01075
1.02109
1.03899
1.06208
1.08646
1.1082
1.12452
1.13435
1.13819
1.13743
1.13318
1.12585
1.11559
1.10287
1.08872
1.07464
1.06284
1.05631
1.05757
1.06659
1.08007
1.09339
1.10321
1.10844
1.10968
1.10827
1.10559
1.10296
1.1015
1.10209
1.10507
1.11012
1.11649
1.12337
1.13012
1.13629
1.14155
1.14558
1.14825
1.14963
1.1498
1.14863
1.14565
1.14028
1.1323
1.12218
1.1112
1.101
1.09294
1.0877
1.08529
1.08523
1.08684
1.08963
1.09363
1.09931
1.10688
1.11569
1.12404
1.12989
1.13173
1.12929
1.12375
1.11723
1.11175
1.10823
1.10624
1.10478
1.10319
1.10149
1.10003
1.09915
1.09914
1.10023
1.10252
1.10597
1.11033
1.1154
1.12123
1.12813
1.13644
1.14603
1.15611
1.16536
1.17239
1.17618
1.17628
1.17278
1.16625
1.15761
1.14805
1.13878
1.13083
1.12481
1.12094
1.11905
1.11872
1.11936
1.12032
1.12114
1.12194
1.12318
1.12477
1.12517
1.12217
1.11521
1.10753
1.10533
1.1123
1.1248
1.135
1.13752
1.13169
1.1202
1.10703
1.09589
1.08909
1.0871
1.08881
1.09227
1.0955
1.09719
1.0971
1.09585
1.09455
1.09417
1.09526
1.09802
1.1025
1.10888
1.11703
1.12604
1.1341
1.13915
1.13989
1.13645
1.13033
1.12404
1.12025
1.12086
1.12635
1.1355
1.14585
1.15446
1.15886
1.15761
1.15062
1.13914
1.12552
1.11266
1.10316
1.09833
1.09781
1.09991
1.10245
1.1035
1.10176
1.09671
1.08843
1.07764
1.06556
1.05387
1.04443
1.03888
1.03839
1.0435
1.05408
1.06946
1.08878
1.11123
1.13585
1.16131
1.18583
1.20754
1.22492
1.23703
1.24346
1.24418
1.23937
1.22928
1.21419
1.19467
1.1717
1.14675
1.12154
1.09782
1.0771
1.06059
1.04907
1.04284
1.04175
1.04535
1.05296
1.06368
1.07655
1.09062
1.10499
1.11871
1.13063
1.13927
1.14297
1.14061
1.13293
1.1238
1.11898
1.12165
1.12968
1.13834
1.14442
1.14713
1.14691
1.1445
1.14063
1.13603
1.13147
1.12765
1.12519
1.12465
1.12651
1.13121
1.13914
1.15045
1.16459
1.18
1.19443
1.20577
1.21291
1.21594
1.21583
1.21381
1.21067
1.20642
1.2004
1.19189
1.18072
1.16774
1.15467
1.14331
1.1346
1.12827
1.12326
1.11863
1.11413
1.11006
1.10672
1.104
1.10138
1.09831
1.09467
1.09089
1.08775
1.08584
1.0851
1.08509
1.08583
1.08848
1.09469
1.10517
1.11874
1.13289
1.14528
1.15483
1.1617
1.16647
1.16965
1.17161
1.17297
1.17482
1.17814
1.18305
1.18833
1.1921
1.19275
1.18964
1.18319
1.17468
1.16608
1.15975
1.15789
1.16126
1.16841
1.17598
1.18038
1.17933
1.17269
1.16225
1.15085
1.1412
1.13488
1.13213
1.13229
1.1345
1.13807
1.14245
1.14682
1.14988
1.15011
1.1462
1.13758
1.12475
1.10917
1.09248
1.07597
1.06053
1.04707
1.03674
1.03047
1.02851
1.03032
1.03492
1.04134
1.04889
1.05722
1.0662
1.07545
1.08425
1.09198
1.09868
1.10502
1.11175
1.1192
1.12723
1.13561
1.14424
1.15296
1.16083
1.16563
1.16444
1.15499
1.13697
1.1124
1.08509
1.05936
1.03872
1.02522
1.01961
1.0217
1.03076
1.04549
1.06399
1.08402
1.10337
1.12039
1.13438
1.14566
1.15525
1.16422
1.17326
1.18237
1.19102
1.19835
1.20335
1.20502
1.20256
1.19547
1.18345
1.1664
1.14506
1.12215
1.10241
1.09075
1.08983
1.09878
1.11362
1.12876
1.13901
1.14118
1.13464
1.12093
1.10312
1.08503
1.07047
1.06216
1.06062
1.06388
1.06853
1.07159
1.07168
1.06905
1.06469
1.05961
1.05452
1.04988
1.04612
1.04372
1.04304
1.04407
1.04629
1.0489
1.0514
1.05417
1.05852
1.06601
1.07738
1.0919
1.10759
1.12185
1.13228
1.13714
1.13531
1.12632
1.11008
1.08704
1.05849
1.02723
0.998029
0.976901
0.968893
0.975577
0.994642
1.02181
1.05283
1.08429
1.1137
1.13921
1.15952
1.17393
1.18223
1.18485
1.18267
1.17699
1.16916
1.16049
1.15202
1.14464
1.13918
1.13625
1.13606
1.13809
1.14108
1.14337
1.14341
1.14029
1.13401
1.12562
1.11698
1.11024
1.10708
1.10793
1.11166
1.11604
1.1187
1.118
1.11363
1.10665
1.09905
1.09308
1.09063
1.0925
1.09779
1.10407
1.10856
1.10947
1.10673
1.10192
1.09772
1.09702
1.10173
1.11173
1.12478
1.13778
1.14842
1.15603
1.16125
1.16517
1.16827
1.17035
1.171
1.17011
1.16783
1.16448
1.16041
1.1561
1.15221
1.14947
1.1484
1.14908
1.15125
1.15448
1.15849
1.16311
1.16789
1.1718
1.17315
1.17015
1.16157
1.14742
1.129
1.10872
1.08947
1.07372
1.06285
1.05698
1.05529
1.0567
1.06044
1.06619
1.07384
1.08325
1.09408
1.10582
1.11782
1.12929
1.13927
1.14669
1.15078
1.15134
1.14869
1.14313
1.13464
1.12342
1.11043
1.09724
1.08487
1.07332
1.06218
1.05178
1.04359
1.03967
1.04145
1.04892
1.06055
1.074
1.08686
1.09726
1.104
1.10656
1.1049
1.09929
1.09022
1.0784
1.0648
1.05064
1.03732
1.02605
1.01769
1.01279
1.01161
1.01426
1.02081
1.03118
1.04501
1.06155
1.07953
1.0973
1.1133
1.12672
1.13793
1.1479
1.15714
1.16516
1.17092
1.17345
1.17225
1.16739
1.15957
1.15011
1.14083
1.13361
1.12963
1.12859
1.12877
1.12791
1.12425
1.11695
1.10608
1.09246
1.07765
1.06377
1.05278
1.04585
1.04297
1.04318
1.04495
1.04673
1.04745
1.04684
1.0456
1.04514
1.04719
1.0532
1.06371
1.07795
1.09409
1.10982
1.12296
1.13184
1.1352
1.13225
1.12268
1.10692
1.08644
1.06377
1.04233
1.026
1.01869
1.02313
1.03935
1.06413
1.09258
1.1203
1.14448
1.16389
1.17833
1.18809
1.19353
1.19487
1.19206
1.18473
1.17242
1.15485
1.13236
1.10624
1.07881
1.05315
1.03243
1.01924
1.01514
1.02005
1.03193
1.04715
1.06165
1.07209
1.07628
1.07337
1.06382
1.04926
1.03212
1.01518
1.00127
0.99288
0.991484
0.996755
1.00663
1.01816
1.02834
1.0347
1.03574
1.03122
1.02248
1.01243
1.00476
1.00271
1.00783
1.01949
1.03527
1.05198
1.06696
1.07878
1.08735
1.09341
1.09786
1.10129
1.10381
1.1052
1.10507
1.10318
1.09972
1.09534
1.09104
1.08786
1.08665
1.08779
1.09104
1.09542
1.09925
1.10033
1.09665
1.08729
1.07354
1.05881
1.04699
1.04052
1.04018
1.0457
1.05602
1.06964
1.08526
1.10193
1.11879
1.13481
1.14879
1.1597
1.16706
1.17111
1.17282
1.17344
1.17402
1.17486
1.17547
1.17475
1.17147
1.16479
1.15465
1.14185
1.12793
1.11478
1.10423
1.09767
1.09595
1.09916
1.1065
1.11615
1.12564
1.13263
1.13566
1.13471
1.13118
1.12721
1.12489
1.12555
1.1296
1.13678
1.14636
1.15739
1.16861
1.17859
1.18598
1.18971
1.1893
1.18488
1.17722
1.16753
1.15702
1.14619
1.13458
1.12125
1.10603
1.09037
1.0771
1.06923
1.06856
1.07497
1.08677
1.10147
1.11663
1.1303
1.14109
1.14831
1.15197
1.15289
1.15234
1.15134
1.1499
1.14692
1.14083
1.13052
1.11605
1.0988
1.08114
1.06562
1.05412
1.04721
1.04419
1.04368
1.0444
1.04569
1.04742
1.04967
1.05238
1.05523
1.05782
1.0599
1.06133
1.06217
1.06261
1.06323
1.065
1.06921
1.07698
1.08876
1.10399
1.12108
1.1379
1.15249
1.16359
1.17073
1.17401
1.17367
1.16979
1.16233
1.15137
1.13748
1.12183
1.10602
1.09162
1.0798
1.07108
1.06528
1.0615
1.05823
1.0539
1.04756
1.03947
1.03131
1.02568
1.02501
1.03046
1.04165
1.05716
1.07544
1.09517
1.11538
1.13517
1.15343
1.16881
1.18009
1.18659
1.18829
1.18573
1.17985
1.17188
1.16348
1.15648
1.15233
1.15126
1.15199
1.15225
1.14983
1.1435
1.1333
1.12005
1.10467
1.08777
1.06977
1.05116
1.03291
1.01634
1.00293
0.993669
0.988425
0.985713
0.983129
0.978517
0.971797
0.966422
0.967747
0.97823
0.99516
1.01406
1.03243
1.04986
1.06661
1.08305
1.09964
1.11689
1.13475
1.15217
1.16737
1.17857
1.18446
1.1845
1.1789
1.16832
1.15338
1.13416
1.11033
1.08194
1.0504
1.01904
0.992491
0.974972
0.968385
0.971361
0.980126
0.990472
0.999655
1.00727
1.01503
1.02546
1.03981
1.05697
1.07433
1.08939
1.10087
1.10866
1.11349
1.11642
1.11849
1.12056
1.12313
1.1265
1.13083
1.13625
1.14264
1.14945
1.1554
1.15893
1.15878
1.15469
1.14766
1.1396
1.13246
1.12715
1.12316
1.11927
1.11451
1.10867
1.10225
1.0961
1.09125
1.08894
1.09043
1.09656
1.10715
1.12077
1.13513
1.14796
1.15756
1.16299
1.16414
1.16141
1.15556
1.14755
1.13858
1.13014
1.12404
1.1218
1.12403
1.13
1.13789
1.14543
1.1505
1.15156
1.14793
1.13991
1.12872
1.1162
1.10444
1.09534
1.09018
1.08948
1.09282
1.09888
1.10576
1.11151
1.1147
1.11472
1.11165
1.10596
1.09827
1.08938
1.08061
1.07364
1.07004
1.07061
1.07524
1.08313
1.09325
1.10439
1.11527
1.12469
1.13178
1.13623
1.13829
1.13867
1.1382
1.13768
1.13758
1.13793
1.13832
1.13811
1.13666
1.13346
1.12834
1.12148
1.11344
1.10492
1.09643
1.08804
1.07936
1.07009
1.06073
1.05313
1.0503
1.05408
1.0549
