-4.71475
-4.71475
-4.71475
-4.71475
-4.71384
-4.71173
-4.70931
-4.70493
-4.70236
-4.69994
-4.69843
-4.69587
-4.69602
-4.69541
-4.69541
-4.69435
-4.6948
-4.6954
-4.6957
-4.69631
-4.69616
-4.69706
-4.69843
-4.69737
-4.69828
-4.69888
-4.69858
-4.69919
-4.69888
-4.69934
-4.69964
-4.70039
-4.70145
-4.70206
-4.7019
-4.70206
-4.70175
-4.70039
-4.69994
-4.7007
-4.70009
-4.70085
-4.69994
-4.69994
-4.70009
-4.70009
-4.70024
-4.69994
-4.69888
-4.69888
-4.69979
-4.69979
-4.69979
-4.70024
-4.7007
-4.7013
-4.70175
-4.70191
-4.70206
-4.70221
-4.70145
-4.7013
-4.70191
-4.70221
-4.70191
-4.70191
-4.70145
-4.701
-4.70055
-4.69994
-4.69964
-4.69919
-4.69964
-4.70009
-4.70024
-4.7007
-4.7013
-4.7007
-4.70145
-4.70085
-4.70115
-4.701
-4.70115
-4.7004
-4.70055
-4.69949
-4.69888
-4.69919
-4.69904
-4.69889
-4.69798
-4.69798
-4.69753
-4.69677
-4.69707
-4.69919
-4.69934
-4.69934
-4.69949
-4.69919
-4.69919
-4.69934
-4.69994
-4.69964
-4.69995
-4.7001
-4.701
-4.70025
-4.69995
-4.69904
-4.69889
-4.69904
-4.69844
-4.69813
-4.69693
-4.69708
-4.69677
-4.69707
-4.69602
-4.69662
-4.69722
-4.69723
-4.69783
-4.69798
-4.69859
-4.69844
-4.69859
-4.69798
-4.69768
-4.69828
-4.69904
-4.69934
-4.69979
-4.7001
-4.70025
-4.701
-4.70131
-4.70176
-4.70146
-4.70085
-4.70085
-4.70085
-4.70055
-4.70116
-4.70131
-4.70146
-4.70101
-4.70161
-4.70161
-4.70221
-4.70357
-4.70357
-4.70297
-4.70418
-4.70387
-4.70433
-4.70417
-4.70402
-4.70418
-4.70312
-4.70191
-4.70206
-4.70237
-4.70206
-4.70237
-4.70267
-4.70297
-4.70312
-4.70372
-4.70402
-4.70312
-4.70251
-4.70191
-4.70161
-4.70115
-4.701
-4.70206
-4.70236
-4.70131
-4.70131
-4.70116
-4.701
-4.701
-4.70085
-4.70116
-4.70146
-4.70161
-4.70161
-4.70146
-4.70116
-4.69995
-4.70085
-4.7007
-4.70025
-4.69995
-4.69949
-4.6998
-4.7001
-4.7004
-4.70085
-4.70085
-4.70131
-4.70191
-4.70267
-4.70161
-4.70116
-4.70131
-4.70221
-4.70221
-4.70206
-4.70206
-4.70146
-4.70146
-4.70161
-4.7004
-4.7004
-4.69964
-4.69949
-4.69889
-4.69859
-4.69874
-4.69859
-4.69798
-4.69859
-4.69934
-4.6998
-4.69919
-4.69919
-4.6998
-4.69995
-4.7004
-4.701
-4.70161
-4.70116
-4.70116
-4.7001
-4.70025
-4.70146
-4.70116
-4.701
-4.70116
-4.70236
-4.70327
-4.70282
-4.70312
-4.70282
-4.70297
-4.70343
-4.70343
-4.70448
-4.70478
-4.70463
-4.70524
-4.70463
-4.70433
-4.70418
-4.70387
-4.70433
-4.70478
-4.70433
-4.70433
-4.70403
-4.70418
-4.70433
-4.70433
-4.70403
-4.70372
-4.70327
-4.70418
-4.70403
-4.70418
-4.70372
-4.70463
-4.70372
-4.70251
-4.70297
-4.70327
-4.70267
-4.70251
-4.70191
-4.70221
-4.70176
-4.70161
-4.7007
-4.70146
-4.70252
-4.70297
-4.70206
-4.70131
-4.70161
-4.70116
-4.70131
-4.70161
-4.70115
-4.70115
-4.70085
-4.70191
-4.70221
-4.70191
-4.70267
-4.70327
-4.70327
-4.70297
-4.70266
-4.70297
-4.70297
-4.70282
-4.70327
-4.70418
-4.70433
-4.70388
-4.70372
-4.70418
-4.70463
-4.70418
-4.70327
-4.70418
-4.70448
-4.70479
-4.70418
-4.70373
-4.70433
-4.70433
-4.70372
-4.70448
-4.70463
-4.70478
-4.70433
-4.70463
-4.70463
-4.70524
-4.70539
-4.70539
-4.70524
-4.70493
-4.70448
-4.70388
-4.70403
-4.70493
-4.70388
-4.70478
-4.70387
-4.70448
-4.70403
-4.70388
-4.70403
-4.70448
-4.70342
-4.70327
-4.70357
-4.70282
-4.70221
-4.70206
-4.70206
-4.70146
-4.70191
-4.70221
-4.70312
-4.70342
-4.70327
-4.70267
-4.70267
-4.70236
-4.70206
-4.70176
-4.70116
-4.70176
-4.70191
-4.70206
-4.70222
-4.70176
-4.70101
-4.70025
-4.70025
-4.6998
-4.69995
-4.7004
-4.69995
-4.70025
-4.7001
-4.70071
-4.70071
-4.6995
-4.69874
-4.69874
-4.69904
-4.69949
-4.6998
-4.70055
-4.70025
-4.69965
-4.69965
-4.69935
-4.6995
-4.69935
-4.6992
-4.69935
-4.6998
-4.7001
-4.69995
-4.6995
-4.7001
-4.69919
-4.7001
-4.70025
-4.70055
-4.7004
-4.69995
-4.7004
-4.70025
-4.70116
-4.70086
-4.70025
-4.70055
-4.70101
-4.70086
-4.70101
-4.70116
-4.70191
-4.70191
-4.70222
-4.70252
-4.70237
-4.70252
-4.70282
-4.70237
-4.70252
-4.70297
-4.70237
-4.70206
-4.70161
-4.70116
-4.70101
-4.70055
-4.7007
-4.70055
-4.70116
-4.70131
-4.70131
-4.7007
-4.7004
-4.70055
-4.70055
-4.7007
-4.70161
-4.70206
-4.70191
-4.70176
-4.70146
-4.70146
-4.70146
-4.70206
-4.70252
-4.70327
-4.70493
-4.70448
-4.70403
-4.70388
-4.70312
-4.70297
-4.70281
-4.7013
-4.70085
-4.70085
-4.70055
-4.69995
-4.7004
-4.7004
-4.7007
-4.70131
-4.70131
-4.70146
-4.70131
-4.70146
-4.7007
-4.70055
-4.70055
-4.70025
-4.70116
-4.70101
-4.70101
-4.70085
-4.70176
-4.70176
-4.70161
-4.70131
-4.70176
-4.70176
-4.70146
-4.70146
-4.70116
-4.7007
-4.70131
-4.70116
-4.70176
-4.70131
-4.70131
-4.70055
-4.7004
-4.7007
-4.70086
-4.70101
-4.7004
-4.6998
-4.6998
-4.69965
-4.6998
-4.69919
-4.69934
-4.69904
-4.69964
-4.69889
-4.69859
-4.69859
-4.6998
-4.70055
-4.70055
-4.70025
-4.70085
-4.70131
-4.70025
-4.69995
-4.69995
-4.6998
-4.7001
-4.70085
-4.7004
-4.70025
-4.70055
-4.69979
-4.69949
-4.69904
-4.69873
-4.69798
-4.69858
-4.69889
-4.69934
-4.69904
-4.69934
-4.69874
-4.69813
-4.69753
-4.69844
-4.69859
-4.69798
-4.69783
-4.69753
-4.69874
-4.69844
-4.69889
-4.69859
-4.69889
-4.69934
-4.69994
-4.70025
-4.69994
-4.701
-4.7013
-4.70085
-4.7007
-4.70055
-4.7013
-4.70176
-4.70236
-4.70206
-4.70206
-4.70161
-4.70206
-4.70191
-4.70221
-4.70206
-4.70206
-4.70176
-4.70145
-4.701
-4.70115
-4.7013
-4.70085
-4.7004
-4.7001
-4.70025
-4.70085
-4.7007
-4.6998
-4.69904
-4.69889
-4.69798
-4.69783
-4.69768
-4.69813
-4.69828
-4.69813
-4.69813
-4.69828
-4.69843
-4.69798
-4.69813
-4.69753
-4.69707
-4.69738
-4.69798
-4.69723
-4.69647
-4.69813
-4.69843
-4.69813
-4.69874
-4.69889
-4.69859
-4.69889
-4.69889
-4.69949
-4.69919
-4.69995
-4.69934
-4.69949
-4.69949
-4.69919
-4.69979
-4.7007
-4.7007
-4.70025
-4.70055
-4.70115
-4.70206
-4.70146
-4.70176
-4.70236
-4.70282
-4.70267
-4.70282
-4.70312
-4.70312
-4.70327
-4.70357
-4.70433
-4.70418
-4.70327
-4.70267
-4.70206
-4.70206
-4.70282
-4.70372
-4.70282
-4.70236
-4.70221
-4.70312
-4.70433
-4.70433
-4.70478
-4.70433
-4.70478
-4.70448
-4.70417
-4.70433
-4.70508
-4.70448
-4.70478
-4.70357
-4.70357
-4.70327
-4.70312
-4.70402
-4.70417
-4.70433
-4.70297
-4.70282
-4.70327
-4.70266
-4.70297
-4.70312
-4.70327
-4.70266
-4.70312
-4.70281
-4.70297
-4.70312
-4.70236
-4.70206
-4.70267
-4.70327
-4.70267
-4.70251
-4.70312
-4.70357
-4.70297
-4.70342
-4.70236
-4.70252
-4.70282
-4.70222
-4.70207
-4.70252
-4.70267
-4.70297
-4.70266
-4.70191
-4.70327
-4.70312
-4.70221
-4.70327
-4.70297
-4.70402
-4.70463
-4.70448
-4.70478
-4.70403
-4.70478
-4.70403
-4.70448
-4.70418
-4.70342
-4.70297
-4.70312
-4.70357
-4.70448
-4.70417
-4.70342
-4.70342
-4.70342
-4.70417
-4.70357
-4.70342
-4.70266
-4.70327
-4.70281
-4.70251
-4.70206
-4.70145
-4.70206
-4.7016
-4.7016
-4.70206
-4.70281
-4.70326
-4.70342
-4.70372
-4.70463
-4.70463
-4.70523
-4.70432
-4.70447
-4.70553
-4.70644
-4.70644
-4.70599
-4.70508
-4.70538
-4.70523
-4.70614
-4.70568
-4.70553
-4.70538
-4.70478
-4.70432
-4.70463
-4.70463
-4.70357
-4.70311
-4.70221
-4.70221
-4.7016
-4.70236
-4.70251
-4.70281
-4.70311
-4.70251
-4.70266
-4.70342
-4.70266
-4.70281
-4.70312
-4.70342
-4.70342
-4.70417
-4.70417
-4.70478
-4.70493
-4.70463
-4.70448
-4.70432
-4.70463
-4.70463
-4.70447
-4.70463
-4.70402
-4.70282
-4.70312
-4.70236
-4.70236
-4.70266
-4.70176
-4.70161
-4.70191
-4.70145
-4.70191
-4.70191
-4.70176
-4.7004
-4.70055
-4.701
-4.70131
-4.70176
-4.70176
-4.70236
-4.70115
-4.7007
-4.701
-4.70115
-4.70115
-4.7007
-4.69994
-4.7007
-4.70131
-4.701
-4.70085
-4.701
-4.7007
-4.69964
-4.70025
-4.70055
-4.70024
-4.70055
-4.7013
-4.70145
-4.70236
-4.70176
-4.70251
-4.70327
-4.70266
-4.70266
-4.70327
-4.70206
-4.70206
-4.70161
-4.7013
-4.701
-4.7007
-4.70176
-4.70115
-4.70191
-4.70281
-4.70281
-4.70251
-4.70296
-4.70387
-4.70327
-4.70327
-4.70281
-4.70281
-4.70372
-4.70402
-4.70357
-4.70372
-4.70402
-4.70402
-4.70357
-4.70281
-4.70311
-4.70311
-4.70311
-4.70311
-4.70281
-4.70251
-4.70266
-4.70296
-4.70266
-4.7016
-4.70221
-4.70281
-4.70402
-4.70372
-4.70417
-4.70463
-4.70508
-4.70493
-4.70538
-4.70553
-4.70614
-4.70508
-4.70583
-4.70629
-4.70629
-4.70614
-4.70598
-4.70613
-4.70674
-4.70659
-4.70614
-4.70614
-4.70614
-4.70583
-4.70583
-4.70462
-4.70462
-4.70417
-4.70402
-4.70417
-4.70372
-4.70432
-4.70432
-4.70432
-4.70402
-4.70357
-4.70402
-4.70432
-4.70402
-4.70417
-4.70341
-4.70432
-4.70507
-4.70553
-4.70523
-4.70538
-4.70523
-4.70538
-4.70523
-4.70538
-4.70492
-4.70417
-4.70372
-4.70462
-4.70447
-4.70387
-4.70417
-4.70477
-4.70447
-4.70401
-4.70462
-4.70432
-4.70372
-4.70387
-4.70387
-4.70387
-4.70417
-4.70447
-4.70477
-4.70447
-4.70432
-4.70553
-4.70553
-4.70568
-4.70613
-4.70613
-4.70644
-4.70583
-4.70568
-4.70538
-4.70432
-4.70387
-4.70357
-4.70357
-4.70417
-4.70402
-4.70357
-4.70387
-4.70372
-4.70311
-4.70356
-4.70296
-4.70266
-4.70236
-4.7013
-4.70085
-4.70085
-4.70024
-4.69979
-4.70024
-4.7007
-4.69979
-4.69979
-4.69934
-4.69949
-4.69903
-4.69979
-4.70009
-4.69933
-4.69979
-4.69949
-4.69964
-4.69994
-4.69994
-4.70055
-4.70085
-4.70145
-4.70069
-4.70084
-4.70039
-4.70009
-4.70024
-4.69994
-4.69979
-4.70054
-4.70069
-4.69994
-4.69933
-4.69949
-4.69858
-4.69888
-4.69813
-4.69798
-3.91517
-3.91472
-3.91532
-3.91517
-3.91532
-3.91547
-3.91532
-3.91501
-3.91592
-3.91682
-3.91682
-3.91682
-3.91667
-3.91637
-3.91667
-3.91652
-3.91682
-3.91834
-3.91789
-3.91789
-3.91819
-3.91804
-3.91819
-3.91803
-3.91818
-3.91878
-3.91893
-3.91939
-3.91879
-3.91879
-3.91849
-3.91773
-3.91819
-3.91774
-3.91728
-3.91743
-3.91834
-3.91864
-3.91818
-3.91848
-3.91848
-3.91893
-3.91954
-3.91908
-3.91909
-3.91924
-3.91924
-3.91894
-3.91939
-3.9197
-3.91954
-3.91833
-3.91788
-3.91803
-3.91848
-3.91848
-3.91848
-3.91893
-3.91788
-3.91818
-3.91878
-3.91984
-3.91954
-3.91984
-3.91924
-3.91924
-3.91954
-3.91909
-3.91939
-3.91999
-3.92075
-3.9206
-3.91969
-3.91938
-3.91847
-3.91938
-3.91908
-3.91893
-3.91863
-3.91818
-3.91833
-3.91788
-3.91773
-3.91773
-3.91803
-3.91773
-3.91682
-3.91652
-3.91757
-3.91742
-3.91817
-3.91817
-3.91878
-3.91923
-3.91863
-3.91924
-3.9203
-3.91909
-3.91864
-3.91863
-3.91893
-3.91893
-3.91969
-3.91848
-3.91878
-3.91817
-3.91848
-3.91803
-3.91772
-3.91788
-3.91803
-3.91803
-3.91697
-3.91697
-3.91712
-3.91682
-3.91561
-3.91651
-3.91651
-3.91621
-3.91712
-3.91727
-3.91697
-3.91712
-3.91727
-3.91727
-3.91757
-3.91757
-3.91727
-3.91727
-3.91742
-3.91651
-3.91636
-3.91682
-3.91682
-3.91606
-3.91546
-3.91531
-3.91516
-3.91561
-3.91576
-3.91531
-3.91516
-3.9144
-3.91455
-3.9141
-3.91319
-3.91349
-3.91455
-3.9147
-3.91455
-3.91515
-3.91455
-3.91334
-3.91365
-3.91395
-3.91441
-3.9144
-3.91395
-3.9144
-3.91455
-3.91379
-3.91424
-3.91515
-3.9147
-3.91455
-3.91441
-3.9141
-3.91335
-3.9141
-3.91546
-3.91455
-3.915
-3.91515
-3.91515
-3.9147
-3.91515
-3.91561
-3.9147
-3.91425
-3.91395
-3.91334
-3.91395
-3.91274
-3.91153
-3.91244
-3.91289
-3.91304
-3.91274
-3.91274
-3.91259
-3.91304
-3.91304
-3.91289
-3.91319
-3.9135
-3.91319
-3.91274
-3.91229
-3.91365
-3.9141
-3.9147
-3.91591
-3.91606
-3.91652
-3.91727
-3.91742
-3.91667
-3.91727
-3.91651
-3.91666
-3.91681
-3.91621
-3.91606
-3.91501
-3.91516
-3.91516
-3.91637
-3.91712
-3.91787
-3.91817
-3.91893
-3.91847
-3.91787
-3.91802
-3.91802
-3.91862
-3.91953
-3.91893
-3.91938
-3.91938
-3.91969
-3.92014
-3.92044
-3.91984
-3.91908
-3.91923
-3.92014
-3.92014
-3.91953
-3.92013
-3.92089
-3.92149
-3.92255
-3.92361
-3.92286
-3.92392
-3.92452
-3.92467
-3.92316
-3.92195
-3.92195
-3.92149
-3.92119
-3.92104
-3.9218
-3.9218
-3.9218
-3.92074
-3.92059
-3.91969
-3.91848
-3.91832
-3.91847
-3.91817
-3.91711
-3.91772
-3.91832
-3.91817
-3.91817
-3.91772
-3.91772
-3.91711
-3.91636
-3.91576
-3.9153
-3.9144
-3.91561
-3.91561
-3.91515
-3.9153
-3.91575
-3.91515
-3.91484
-3.91454
-3.91545
-3.91499
-3.91409
-3.91394
-3.91424
-3.9147
-3.91485
-3.91485
-3.91425
-3.91379
-3.91364
-3.91364
-3.91439
-3.91349
-3.91364
-3.91379
-3.91364
-3.91454
-3.91394
-3.91424
-3.91424
-3.91409
-3.91409
-3.91349
-3.91379
-3.91334
-3.91349
-3.91319
-3.91274
-3.91228
-3.91198
-3.91152
-3.91288
-3.91212
-3.91197
-3.91197
-3.91243
-3.91213
-3.91183
-3.91198
-3.91228
-3.91198
-3.91152
-3.91213
-3.91198
-3.91258
-3.91198
-3.91288
-3.91243
-3.91228
-3.91152
-3.91107
-3.91046
-3.91061
-3.91092
-3.91092
-3.91092
-3.91092
-3.91062
-3.91077
-3.91122
-3.91182
-3.91091
-3.91122
-3.91106
-3.91212
-3.91212
-3.91137
-3.91091
-3.91137
-3.91213
-3.91258
-3.91318
-3.91333
-3.91333
-3.91333
-3.91258
-3.91273
-3.91227
-3.91137
-3.91197
-3.91333
-3.91303
-3.91258
-3.91228
-3.91213
-3.91167
-3.91198
-3.91273
-3.91228
-3.91258
-3.91333
-3.91363
-3.91439
-3.91499
-3.91575
-3.91484
-3.91439
-3.91439
-3.91469
-3.91424
-3.9153
-3.9153
-3.9156
-3.915
-3.9156
-3.91454
-3.91545
-3.91575
-3.91575
-3.91545
-3.91605
-3.91605
-3.91605
-3.91666
-3.91756
-3.91666
-3.9165
-3.9162
-3.9159
-3.91681
-3.91681
-3.91696
-3.91726
-3.91726
-3.9165
-3.9165
-3.91514
-3.91575
-3.9168
-3.91665
-3.91741
-3.91756
-3.91665
-3.91771
-3.91862
-3.91817
-3.91832
-3.91802
-3.91892
-3.91937
-3.91983
-3.92028
-3.91967
-3.91937
-3.91937
-3.91998
-3.91968
-3.91983
-3.91877
-3.91862
-3.91922
-3.91877
-3.91892
-3.91816
-3.91726
-3.9168
-3.91696
-3.91696
-3.91681
-3.91696
-3.91484
-3.91484
-3.91408
-3.91468
-3.91484
-3.91423
-3.91378
-3.91363
-3.91439
-3.91424
-3.91424
-3.91454
-3.91439
-3.91378
-3.91318
-3.91333
-3.91438
-3.91423
-3.91393
-3.91408
-3.91408
-3.91363
-3.91408
-3.91408
-3.91393
-3.91273
-3.91288
-3.91242
-3.91122
-3.91137
-3.91092
-3.91197
-3.91333
-3.9153
-3.9153
-3.9153
-3.9159
-3.91529
-3.91469
-3.91454
-3.91454
-3.91544
-3.91439
-3.91424
-3.91378
-3.91469
-3.91469
-3.91469
-3.9156
-3.91635
-3.91741
-3.91756
-3.91756
-3.91741
-3.91696
-3.91605
-3.91635
-3.91605
-3.9156
-3.91499
-3.91424
-3.91439
-3.91394
-3.91545
-3.91575
-3.91666
-3.91635
-3.91605
-3.9156
-3.91439
-3.91545
-3.9162
-3.9159
-3.9162
-3.9162
-3.91665
-3.91681
-3.91711
-3.91772
-3.91651
-3.91666
-3.91605
-3.91575
-3.9162
-3.91545
-3.91514
-3.9156
-3.9153
-3.91454
-3.91439
-3.91484
-3.91499
-3.91454
-3.9153
-3.91545
-3.9156
-3.9159
-3.91545
-3.91515
-3.9156
-3.9159
-3.91635
-3.9159
-3.9162
-3.91636
-3.91772
-3.91802
-3.91893
-3.91908
-3.91907
-3.91953
-3.92088
-3.91968
-3.91983
-3.91832
-3.91756
-3.91802
-3.91802
-3.91862
-3.91923
-3.91953
-3.91877
-3.91938
-3.91892
-3.91832
-3.91772
-3.91636
-3.91726
-3.91711
-3.91711
-3.91681
-3.91651
-3.9153
-3.91469
-3.91529
-3.91514
-3.91529
-3.91469
-3.91575
-3.91605
-3.91681
-3.91696
-3.9165
-3.91575
-3.9159
-3.91726
-3.91726
-3.91741
-3.91801
-3.91756
-3.91741
-3.91695
-3.91726
-3.91681
-3.91651
-3.91651
-3.9153
-3.9162
-3.91741
-3.91741
-3.91711
-3.91771
-3.91771
-3.91817
-3.91877
-3.91937
-3.91847
-3.91756
-3.91665
-3.91695
-3.9165
-3.9165
-3.91681
-3.9159
-3.9156
-3.91545
-3.91485
-3.91454
-3.91409
-3.91424
-3.91364
-3.91409
-3.91424
-3.91454
-3.91499
-3.91454
-3.91438
-3.91453
-3.91469
-3.91484
-3.91438
-3.91574
-3.91605
-3.9165
-3.91696
-3.91786
-3.91877
-3.91787
-3.91771
-3.91786
-3.91801
-3.91862
-3.91816
-3.91831
-3.91831
-3.91937
-3.91922
-3.91816
-3.91937
-3.91907
-3.91968
-3.91938
-3.92044
-3.92119
-3.92164
-3.92134
-3.92133
-3.92163
-3.92193
-3.92148
-3.92088
-3.92013
-3.91998
-3.92043
-3.91938
-3.91907
-3.91802
-3.91816
-3.91877
-3.91907
-3.91861
-3.91877
-3.91726
-3.91741
-3.91711
-3.91696
-3.91635
-3.91711
-3.9159
-3.91605
-3.91529
-3.91469
-3.91439
-3.91454
-3.91363
-3.91423
-3.91408
-3.91393
-3.91499
-3.91469
-3.91514
-3.91544
-3.91559
-3.91499
-3.91499
-3.91574
-3.91559
-3.91559
-3.91574
-3.91635
-3.9162
-3.9165
-3.91665
-3.91756
-3.91696
-3.91681
-3.91651
-3.9162
-3.9162
-3.91529
-3.91469
-3.91439
-3.91409
-3.91454
-3.915
-3.9153
-3.91575
-3.91545
-3.9156
-3.91469
-3.91469
-3.91514
-3.91589
-3.91574
-3.91574
-3.91575
-3.9162
-3.91696
-3.91726
-3.91711
-3.91756
-3.9168
-3.91695
-3.9165
-3.91665
-3.91711
-3.91741
-3.91635
-3.91635
-3.91681
-3.91711
-3.91575
-3.91605
-3.9156
-3.91514
-3.91605
-3.91575
-3.9162
-3.91559
-3.91574
-3.91589
-3.91635
-3.91665
-3.91605
-3.91589
-3.91499
-3.91544
-3.9156
-3.9156
-3.91665
-3.91695
-3.91726
-3.91831
-3.91876
-3.91846
-3.91877
-3.91998
-3.91907
-3.91983
-3.91968
-3.91922
-3.91968
-3.91998
-3.91877
-3.91907
-3.91922
-3.91952
-3.91892
-3.91847
-3.91862
-3.91741
-3.91741
-3.91741
-3.91681
-3.9165
-3.91651
-3.91711
-3.91756
-3.91771
-3.91726
-3.91756
-3.91787
-3.91862
-3.91878
-3.91923
-3.91908
-3.91847
-3.91817
-3.91968
-3.91983
-3.92013
-3.91953
-3.91983
-3.91967
-3.92028
-3.91952
-3.91968
-3.91938
-3.91968
-3.91893
-3.91847
-3.91802
-3.91771
-3.91741
-3.9165
-3.91711
-3.91756
-3.91726
-3.91666
-3.91605
-3.91651
-3.91741
-3.91757
-3.91681
-3.91711
-3.91847
-3.91953
-3.91953
-3.91907
-3.91877
-3.91892
-3.91877
-3.91847
-3.91862
-3.91817
-3.91877
-3.91787
-3.91802
-3.91847
-3.91877
-3.91802
-3.91817
-3.91817
-3.91741
-3.91817
-3.91741
-3.91741
-3.91771
-3.91741
-3.91802
-3.91892
-3.92028
-3.91998
-3.92089
-3.92089
-3.92089
-3.92089
-3.91938
-3.91892
-3.91801
-3.91771
-3.9168
-3.9168
-3.9159
-3.9165
-3.9156
-3.91635
-3.9162
-3.9162
-3.9156
-3.91605
-3.91545
-3.91469
-3.91318
-3.91273
-3.91257
-3.91439
-3.91469
-3.91484
-3.91529
-3.91529
-3.9162
-3.91529
-3.91529
-3.91469
-3.91439
-3.91454
-3.91424
-3.91424
-3.91499
-3.91454
-3.91469
-3.91529
-3.91499
-3.9153
-3.9156
-3.9153
-3.91651
-3.91635
-3.91635
-3.91756
-3.91771
-3.91861
-3.91891
-3.91982
-3.91952
-3.91801
-3.91665
-3.91635
-3.9162
-3.91665
-3.91575
-3.91605
-3.9159
-3.91681
-3.91711
-3.9162
-3.91544
-3.9162
-3.91665
-3.9165
-3.9165
-3.9165
-3.91726
-3.91695
-3.91756
-3.91635
-3.91695
-3.9162
-3.91665
-3.91725
-3.91831
-3.91725
-3.91756
-3.91816
-3.91801
-3.91816
-3.91725
-3.91755
-3.91695
-3.91635
-3.9165
-3.91589
-3.91605
-3.9165
-3.9162
-3.91544
-3.91635
-3.9162
-3.91681
-3.91605
-3.91575
-3.91574
-3.91574
-3.91453
-3.91483
-3.91574
-3.91559
-3.91468
-3.91484
-3.91574
-3.91574
-3.91514
-3.91423
-3.91423
-3.91408
-3.91453
-3.91378
-3.91498
-3.9165
-3.91786
-3.91846
-3.91816
-3.91786
-3.91695
-3.91665
-3.91725
-3.91695
-3.91604
-3.91619
-3.91679
-3.91785
-3.918
-3.9177
-3.91801
-3.91876
-3.91786
-3.91876
-3.91891
-3.91982
-3.91982
-3.91952
-3.91771
-3.9174
-3.9174
-3.58329
-3.58314
-3.58268
-3.58283
-3.58223
-3.58269
-3.58223
-3.58284
-3.58284
-3.58238
-3.58208
-3.58147
-3.58162
-3.58102
-3.58117
-3.58132
-3.58132
-3.58162
-3.58072
-3.58117
-3.58012
-3.57996
-3.57936
-3.57966
-3.5789
-3.57936
-3.58056
-3.58147
-3.58253
-3.58223
-3.58268
-3.58268
-3.58192
-3.58177
-3.58238
-3.58193
-3.58193
-3.58193
-3.58132
-3.58117
-3.58162
-3.58178
-3.58102
-3.58087
-3.58102
-3.58133
-3.58072
-3.58253
-3.58238
-3.58102
-3.58087
-3.58193
-3.58087
-3.58042
-3.58012
-3.58027
-3.58057
-3.57951
-3.58071
-3.58101
-3.58086
-3.58041
-3.58056
-3.58011
-3.58026
-3.58087
-3.58117
-3.58102
-3.57996
-3.58042
-3.57982
-3.58057
-3.58163
-3.58163
-3.58117
-3.58163
-3.58178
-3.58057
-3.57951
-3.57951
-3.57981
-3.57921
-3.57966
-3.57936
-3.57921
-3.57936
-3.57921
-3.57861
-3.57831
-3.57816
-3.57846
-3.578
-3.57785
-3.57785
-3.57875
-3.57921
-3.5786
-3.578
-3.57664
-3.57694
-3.57709
-3.578
-3.5777
-3.5777
-3.57785
-3.57785
-3.5777
-3.578
-3.57724
-3.5774
-3.57709
-3.578
-3.5777
-3.57966
-3.57997
-3.58027
-3.58117
-3.58102
-3.57996
-3.57996
-3.57965
-3.5798
-3.5798
-3.57875
-3.5777
-3.57846
-3.57876
-3.57997
-3.58012
-3.58027
-3.58042
-3.58026
-3.58026
-3.57951
-3.5786
-3.57845
-3.57815
-3.5786
-3.57891
-3.57876
-3.57936
-3.57861
-3.57815
-3.5783
-3.57815
-3.57709
-3.57573
-3.57558
-3.57528
-3.57528
-3.57498
-3.57467
-3.57392
-3.57422
-3.57497
-3.57452
-3.57528
-3.57558
-3.57588
-3.57588
-3.57618
-3.57588
-3.57513
-3.57482
-3.57618
-3.57649
-3.57679
-3.57739
-3.57724
-3.57769
-3.5783
-3.57905
-3.5786
-3.57905
-3.57981
-3.58072
-3.58072
-3.58147
-3.58162
-3.58192
-3.58162
-3.58131
-3.58222
-3.58177
-3.58117
-3.58208
-3.58208
-3.58147
-3.58238
-3.58283
-3.58253
-3.58283
-3.58208
-3.58087
-3.58057
-3.58042
-3.58026
-3.57966
-3.57936
-3.57935
-3.57951
-3.57935
-3.57935
-3.5792
-3.5792
-3.57996
-3.5801
-3.57995
-3.5792
-3.57875
-3.57875
-3.57936
-3.5789
-3.5783
-3.57891
-3.57936
-3.57966
-3.58056
-3.58026
-3.57935
-3.57935
-3.57966
-3.57996
-3.57996
-3.58117
-3.58148
-3.58208
-3.58177
-3.58177
-3.58237
-3.58192
-3.58192
-3.58192
-3.58132
-3.58132
-3.58178
-3.58193
-3.58283
-3.58299
-3.58283
-3.58298
-3.58283
-3.58222
-3.58207
-3.58222
-3.58283
-3.58298
-3.58238
-3.58162
-3.58178
-3.58132
-3.58132
-3.58162
-3.58177
-3.58101
-3.58101
-3.58161
-3.58177
-3.58252
-3.58298
-3.58479
-3.58419
-3.58494
-3.58404
-3.58404
-3.58479
-3.58524
-3.58479
-3.58434
-3.58282
-3.58207
-3.58268
-3.58222
-3.58313
-3.58252
-3.58313
-3.58268
-3.58222
-3.58222
-3.58222
-3.58161
-3.5804
-3.58116
-3.58267
-3.58312
-3.58267
-3.58328
-3.58328
-3.58358
-3.58418
-3.58569
-3.58585
-3.58554
-3.5857
-3.58524
-3.58464
-3.58539
-3.5857
-3.5857
-3.5854
-3.586
-3.5854
-3.58555
-3.58645
-3.58555
-3.586
-3.58554
-3.5857
-3.58524
-3.586
-3.58706
-3.58675
-3.58645
-3.58615
-3.5863
-3.5866
-3.5866
-3.58645
-3.58691
-3.58691
-3.58585
-3.58524
-3.58494
-3.58524
-3.58418
-3.58418
-3.58478
-3.58463
-3.58327
-3.58343
-3.58419
-3.58389
-3.58404
-3.58344
-3.58358
-3.58373
-3.58434
-3.58524
-3.58494
-3.58464
-3.58479
-3.58524
-3.58494
-3.58509
-3.58448
-3.58494
-3.58539
-3.586
-3.58585
-3.5857
-3.58585
-3.58631
-3.5863
-3.5863
-3.58584
-3.58539
-3.58539
-3.58433
-3.58509
-3.58676
-3.586
-3.5863
-3.58479
-3.58479
-3.58448
-3.58478
-3.58433
-3.58358
-3.58403
-3.58358
-3.58373
-3.58434
-3.58373
-3.58313
-3.58434
-3.58388
-3.58343
-3.58388
-3.58282
-3.58206
-3.58116
-3.58025
-3.58071
-3.58101
-3.58116
-3.58101
-3.58146
-3.58146
-3.58116
-3.5804
-3.5804
-3.58071
-3.58161
-3.58267
-3.58357
-3.58357
-3.58327
-3.58327
-3.58312
-3.58282
-3.58266
-3.58236
-3.58191
-3.58206
-3.58281
-3.58266
-3.58191
-3.58176
-3.58221
-3.58342
-3.58373
-3.58373
-3.58388
-3.58448
-3.58448
-3.58448
-3.58418
-3.58387
-3.58402
-3.58372
-3.58357
-3.58372
-3.58342
-3.58342
-3.58236
-3.58206
-3.58221
-3.58327
-3.58296
-3.58312
-3.58312
-3.58251
-3.58297
-3.58266
-3.58266
-3.58312
-3.58296
-3.58221
-3.58297
-3.58221
-3.58146
-3.58206
-3.58191
-3.58237
-3.58342
-3.58281
-3.58251
-3.58356
-3.58326
-3.58266
-3.58342
-3.58463
-3.58373
-3.58358
-3.58358
-3.58342
-3.58372
-3.58372
-3.58342
-3.58403
-3.58388
-3.58327
-3.58297
-3.58343
-3.58343
-3.58433
-3.58418
-3.58403
-3.58448
-3.58418
-3.58418
-3.58584
-3.58599
-3.5866
-3.58781
-3.58811
-3.58766
-3.58736
-3.58736
-3.58645
-3.58705
-3.58705
-3.58629
-3.58599
-3.58675
-3.58569
-3.58614
-3.58674
-3.58554
-3.58539
-3.58493
-3.58463
-3.58478
-3.58524
-3.58569
-3.58584
-3.58599
-3.58705
-3.58766
-3.58826
-3.58841
-3.58705
-3.5875
-3.5875
-3.58704
-3.5872
-3.58765
-3.58689
-3.58523
-3.58478
-3.58478
-3.58493
-3.58509
-3.58418
-3.58403
-3.58388
-3.58433
-3.58418
-3.58342
-3.58342
-3.58372
-3.58327
-3.58372
-3.58418
-3.58418
-3.58433
-3.58403
-3.58343
-3.58312
-3.58357
-3.58372
-3.58372
-3.58297
-3.58312
-3.58373
-3.58403
-3.58327
-3.58312
-3.58327
-3.58357
-3.58221
-3.58267
-3.58191
-3.58267
-3.58252
-3.58222
-3.58131
-3.58146
-3.58176
-3.58206
-3.58221
-3.58282
-3.58327
-3.58327
-3.58297
-3.58236
-3.58161
-3.58101
-3.58191
-3.58237
-3.58222
-3.58252
-3.58222
-3.58207
-3.58282
-3.58221
-3.58131
-3.58025
-3.58024
-3.58009
-3.58024
-3.58009
-3.57979
-3.57873
-3.57874
-3.57904
-3.57874
-3.57784
-3.57799
-3.57935
-3.5798
-3.57934
-3.57904
-3.57874
-3.57919
-3.57844
-3.57738
-3.57738
-3.57844
-3.5798
-3.5798
-3.5804
-3.5801
-3.5798
-3.58055
-3.5798
-3.58101
-3.58161
-3.58161
-3.58161
-3.58055
-3.57994
-3.57874
-3.57874
-3.57904
-3.57965
-3.57965
-3.5795
-3.57935
-3.57965
-3.57935
-3.58071
-3.58055
-3.58146
-3.58161
-3.58146
-3.58131
-3.58116
-3.58085
-3.58025
-3.57843
-3.57783
-3.57844
-3.57859
-3.57904
-3.57859
-3.57919
-3.57934
-3.57859
-3.57934
-3.5795
-3.5795
-3.57995
-3.5804
-3.5804
-3.58025
-3.58055
-3.58146
-3.58146
-3.58161
-3.58161
-3.58146
-3.58161
-3.58131
-3.58146
-3.58085
-3.58146
-3.5807
-3.58176
-3.58236
-3.58267
-3.58206
-3.58237
-3.58282
-3.58282
-3.58342
-3.58432
-3.58477
-3.58417
-3.58447
-3.58266
-3.58297
-3.58433
-3.58509
-3.58358
-3.58373
-3.58403
-3.58342
-3.58327
-3.58206
-3.58191
-3.58191
-3.58372
-3.58372
-3.58387
-3.58478
-3.58463
-3.58523
-3.58463
-3.58478
-3.58523
-3.58554
-3.58538
-3.58614
-3.58569
-3.58584
-3.58554
-3.58478
-3.58478
-3.58554
-3.58448
-3.58464
-3.58433
-3.58418
-3.58388
-3.58418
-3.58236
-3.58206
-3.581
-3.58161
-3.58161
-3.58221
-3.58191
-3.58192
-3.58131
-3.58177
-3.58222
-3.58282
-3.58327
-3.58418
-3.58464
-3.58419
-3.58388
-3.58403
-3.58373
-3.58298
-3.58449
-3.58524
-3.58509
-3.58539
-3.586
-3.58645
-3.586
-3.58555
-3.58554
-3.5857
-3.5863
-3.58645
-3.58509
-3.58524
-3.58509
-3.58464
-3.58509
-3.58449
-3.58555
-3.58555
-3.58494
-3.58464
-3.58494
-3.58524
-3.58434
-3.58298
-3.58389
-3.58298
-3.58222
-3.58192
-3.58162
-3.58071
-3.5798
-3.58041
-3.58011
-3.5798
-3.5798
-3.58026
-3.5792
-3.57935
-3.58071
-3.58162
-3.58177
-3.58087
-3.58132
-3.58072
-3.58026
-3.57966
-3.58132
-3.58086
-3.58086
-3.58131
-3.58086
-3.58086
-3.58071
-3.57995
-3.5795
-3.57935
-3.57981
-3.5795
-3.57905
-3.5789
-3.58011
-3.57981
-3.57875
-3.57845
-3.5789
-3.5783
-3.57769
-3.5777
-3.57785
-3.57785
-3.57754
-3.57678
-3.57723
-3.57753
-3.57844
-3.57845
-3.57845
-3.57875
-3.57815
-3.5783
-3.57875
-3.58026
-3.58101
-3.58071
-3.58071
-3.5801
-3.57935
-3.5798
-3.5795
-3.5798
-3.57935
-3.57965
-3.5798
-3.58086
-3.58147
-3.5798
-3.58041
-3.58086
-3.58025
-3.5795
-3.58025
-3.5801
-3.5795
-3.58056
-3.58086
-3.58116
-3.58071
-3.58025
-3.58101
-3.58161
-3.58116
-3.58116
-3.58116
-3.58071
-3.5807
-3.58055
-3.5801
-3.57995
-3.5801
-3.57995
-3.57965
-3.58131
-3.58161
-3.58146
-3.5801
-3.58025
-3.58025
-3.5804
-3.57995
-3.57919
-3.57949
-3.5798
-3.58041
-3.58041
-3.58192
-3.58206
-3.58236
-3.58222
-3.58267
-3.58222
-3.58237
-3.58161
-3.581
-3.58085
-3.58085
-3.57995
-3.58161
-3.58101
-3.58146
-3.58101
-3.581
-3.58055
-3.58085
-3.58085
-3.58055
-3.58085
-3.58025
-3.5807
-3.58025
-3.58055
-3.5813
-3.58206
-3.58176
-3.58131
-3.5807
-3.5801
-3.5801
-3.58025
-3.58146
-3.58161
-3.58085
-3.58206
-3.58146
-3.5807
-3.57994
-3.5804
-3.5804
-3.581
-3.581
-3.58055
-3.58085
-3.58146
-3.58176
-3.58176
-3.58252
-3.58282
-3.58252
-3.58207
-3.58161
-3.58177
-3.58222
-3.58176
-3.58176
-3.5807
-3.5807
-3.58055
-3.58101
-3.58086
-3.5801
-3.5807
-3.58055
-3.57995
-3.5795
-3.5795
-3.57965
-3.58056
-3.5798
-3.5798
-3.57934
-3.57904
-3.57828
-3.57859
-3.57828
-3.57889
-3.57828
-3.57873
-3.57919
-3.57858
-3.57934
-3.57964
-3.58025
-3.58055
-3.58055
-3.58146
-3.58116
-3.58206
-3.58206
-3.58221
-3.5804
-3.57994
-3.57919
-3.57904
-3.57934
-3.58025
-3.57994
-3.58161
-3.58176
-3.58131
-3.58086
-3.58116
-3.58146
-3.58116
-3.58101
-3.57979
-3.57843
-3.57828
-3.57813
-3.57903
-3.57949
-3.57934
-3.58055
-3.57919
-3.57874
-3.57859
-3.57889
-3.57874
-3.57692
-3.57662
-3.57617
-3.57677
-3.57571
-3.57571
-3.57632
-3.57602
-3.57587
-3.57632
-3.57632
-3.57692
-3.57753
-3.57828
-3.57858
-3.57843
-3.57888
-3.57964
-3.5801
-3.57965
-3.58055
-3.57965
-3.5792
-3.57859
-3.57799
-3.57844
-3.57829
-3.45514
-3.45499
-3.45484
-3.45438
-3.45438
-3.45454
-3.45484
-3.45439
-3.45484
-3.45499
-3.45575
-3.45544
-3.45604
-3.45604
-3.45665
-3.45635
-3.45545
-3.45621
-3.45636
-3.45636
-3.45606
-3.4553
-3.4556
-3.45499
-3.45439
-3.45499
-3.4565
-3.45559
-3.45589
-3.45665
-3.4571
-3.45695
-3.4571
-3.45695
-3.45741
-3.45771
-3.45605
-3.45544
-3.45484
-3.45469
-3.45469
-3.45439
-3.45408
-3.45378
-3.45438
-3.45362
-3.45393
-3.45498
-3.45483
-3.45604
-3.4568
-3.45726
-3.4565
-3.45726
-3.45741
-3.45756
-3.4565
-3.45696
-3.45696
-3.45635
-3.45695
-3.45635
-3.45665
-3.45574
-3.45544
-3.45544
-3.45544
-3.45574
-3.45679
-3.45725
-3.4568
-3.45695
-3.4568
-3.45589
-3.4562
-3.45574
-3.4568
-3.45695
-3.45634
-3.45694
-3.45725
-3.45695
-3.45574
-3.45559
-3.4568
-3.45756
-3.45725
-3.4577
-3.45846
-3.45861
-3.45906
-3.45725
-3.4574
-3.4571
-3.45755
-3.45559
-3.45468
-3.45483
-3.45482
-3.45513
-3.45483
-3.45347
-3.45483
-3.45468
-3.45377
-3.45438
-3.45468
-3.45423
-3.45453
-3.45498
-3.45498
-3.45453
-3.45332
-3.45377
-3.45422
-3.45286
-3.45331
-3.45422
-3.45377
-3.45377
-3.45317
-3.45408
-3.45483
-3.45408
-3.45483
-3.45604
-3.45604
-3.45679
-3.45755
-3.45679
-3.4571
-3.45619
-3.45604
-3.45634
-3.45543
-3.45437
-3.45619
-3.45619
-3.45604
-3.45513
-3.45574
-3.45619
-3.45634
-3.45664
-3.45633
-3.45633
-3.45664
-3.45739
-3.4577
-3.45725
-3.45755
-3.45816
-3.4577
-3.45755
-3.4583
-3.45815
-3.4574
-3.45709
-3.45755
-3.45845
-3.45694
-3.45785
-3.45815
-3.45891
-3.45951
-3.45845
-3.458
-3.4574
-3.45875
-3.45875
-3.45785
-3.45815
-3.45815
-3.45739
-3.45664
-3.45573
-3.45588
-3.45694
-3.45724
-3.45709
-3.45785
-3.45785
-3.45619
-3.45604
-3.45604
-3.45619
-3.45619
-3.45664
-3.45664
-3.45694
-3.458
-3.45845
-3.45755
-3.4583
-3.45876
-3.45846
-3.45846
-3.45922
-3.45876
-3.45846
-3.45906
-3.45846
-3.45876
-3.45845
-3.45815
-3.45709
-3.4574
-3.45815
-3.45967
-3.46028
-3.45967
-3.46013
-3.46088
-3.46043
-3.46103
-3.46012
-3.45906
-3.4586
-3.45694
-3.45664
-3.45709
-3.45755
-3.45785
-3.4574
-3.45755
-3.45755
-3.45816
-3.45831
-3.4574
-3.45755
-3.45831
-3.45846
-3.4583
-3.45709
-3.45739
-3.4577
-3.45739
-3.45694
-3.45649
-3.45739
-3.45724
-3.45694
-3.45724
-3.45664
-3.45695
-3.45634
-3.45695
-3.45725
-3.45755
-3.458
-3.45754
-3.45739
-3.45754
-3.4589
-3.458
-3.458
-3.45815
-3.45755
-3.458
-3.45845
-3.45936
-3.45981
-3.45996
-3.45921
-3.45921
-3.45951
-3.45921
-3.4589
-3.45815
-3.45754
-3.45785
-3.45739
-3.45694
-3.45634
-3.45603
-3.45618
-3.45558
-3.45573
-3.45618
-3.45528
-3.45634
-3.45664
-3.45634
-3.45755
-3.45875
-3.45875
-3.4583
-3.45876
-3.45695
-3.4568
-3.45785
-3.45725
-3.45785
-3.45679
-3.45724
-3.4583
-3.45785
-3.4577
-3.45876
-3.45861
-3.45876
-3.45906
-3.45996
-3.46011
-3.46072
-3.46162
-3.46238
-3.46253
-3.46269
-3.46193
-3.46238
-3.46314
-3.46284
-3.46148
-3.46163
-3.46193
-3.46209
-3.46239
-3.46223
-3.46193
-3.46238
-3.46268
-3.46253
-3.46193
-3.46148
-3.46239
-3.46223
-3.46299
-3.46299
-3.46253
-3.46132
-3.46027
-3.46072
-3.46042
-3.46118
-3.46103
-3.46058
-3.46148
-3.46057
-3.46027
-3.46027
-3.46026
-3.46027
-3.45996
-3.45966
-3.45951
-3.45967
-3.45997
-3.46027
-3.45967
-3.45876
-3.45815
-3.45725
-3.458
-3.45649
-3.45574
-3.45619
-3.45619
-3.45498
-3.45574
-3.45544
-3.45665
-3.45725
-3.45755
-3.4577
-3.45816
-3.458
-3.45891
-3.45921
-3.45996
-3.45996
-3.45951
-3.45966
-3.45876
-3.45861
-3.458
-3.45876
-3.458
-3.45785
-3.45831
-3.4571
-3.45695
-3.45649
-3.45649
-3.45725
-3.45815
-3.45876
-3.45876
-3.4577
-3.45891
-3.45861
-3.45951
-3.46027
-3.46042
-3.46088
-3.46087
-3.46133
-3.46103
-3.46012
-3.45951
-3.45996
-3.45951
-3.45951
-3.45966
-3.45951
-3.45997
-3.46012
-3.46072
-3.46208
-3.46072
-3.46087
-3.46147
-3.46132
-3.46087
-3.46133
-3.46073
-3.46057
-3.46163
-3.46042
-3.46027
-3.46027
-3.46042
-3.46011
-3.46117
-3.46223
-3.46208
-3.46072
-3.46026
-3.45981
-3.45981
-3.45951
-3.45981
-3.46026
-3.46072
-3.46102
-3.46087
-3.46042
-3.46072
-3.46193
-3.46223
-3.46193
-3.46132
-3.46193
-3.46223
-3.46162
-3.46178
-3.46178
-3.46147
-3.46223
-3.46313
-3.46344
-3.46193
-3.46147
-3.46041
-3.46026
-3.46026
-3.45966
-3.45875
-3.45845
-3.458
-3.45936
-3.46026
-3.46011
-3.46117
-3.46162
-3.46192
-3.46207
-3.46268
-3.46238
-3.46313
-3.46192
-3.46208
-3.46177
-3.46238
-3.46162
-3.46147
-3.46147
-3.46162
-3.46132
-3.46056
-3.46011
-3.46011
-3.45981
-3.45966
-3.45981
-3.45981
-3.45996
-3.46011
-3.45981
-3.45936
-3.4586
-3.45784
-3.458
-3.45739
-3.45845
-3.45905
-3.4589
-3.45905
-3.45966
-3.45905
-3.4583
-3.45829
-3.4589
-3.4589
-3.45905
-3.45921
-3.45996
-3.45921
-3.45905
-3.45966
-3.45966
-3.46041
-3.45996
-3.4589
-3.4592
-3.45799
-3.4583
-3.45754
-3.45784
-3.45724
-3.45739
-3.45799
-3.45784
-3.4589
-3.45936
-3.45936
-3.45981
-3.45966
-3.45981
-3.45951
-3.4589
-3.45875
-3.45784
-3.45784
-3.45769
-3.45754
-3.45815
-3.45845
-3.45905
-3.45921
-3.45905
-3.4592
-3.4589
-3.4583
-3.4583
-3.4583
-3.45875
-3.4589
-3.45935
-3.45965
-3.46026
-3.45981
-3.45815
-3.4583
-3.4595
-3.45905
-3.4589
-3.45799
-3.45724
-3.45709
-3.45679
-3.45739
-3.45814
-3.4592
-3.45966
-3.45981
-3.46056
-3.46041
-3.46026
-3.45905
-3.45996
-3.46072
-3.46041
-3.46102
-3.46147
-3.46208
-3.46344
-3.46404
-3.4651
-3.46525
-3.46374
-3.46344
-3.46238
-3.46314
-3.46298
-3.46434
-3.46418
-3.46403
-3.46403
-3.46358
-3.46389
-3.46389
-3.46329
-3.46269
-3.46163
-3.46163
-3.46147
-3.46253
-3.46252
-3.46192
-3.46222
-3.46207
-3.46116
-3.46056
-3.45951
-3.4589
-3.45815
-3.45784
-3.45799
-3.45799
-3.45875
-3.45754
-3.45754
-3.45663
-3.45739
-3.45709
-3.45664
-3.45709
-3.45664
-3.45634
-3.45543
-3.45693
-3.45693
-3.45693
-3.45709
-3.45679
-3.45618
-3.45528
-3.45437
-3.45513
-3.45528
-3.45588
-3.45694
-3.45679
-3.45694
-3.45694
-3.45664
-3.45709
-3.45785
-3.45815
-3.4583
-3.4577
-3.45755
-3.4574
-3.4574
-3.45724
-3.45649
-3.45724
-3.45739
-3.4583
-3.45815
-3.45754
-3.45693
-3.45663
-3.45649
-3.45513
-3.45649
-3.4574
-3.45695
-3.45876
-3.45861
-3.45906
-3.45951
-3.45906
-3.45875
-3.45845
-3.4586
-3.4586
-3.45936
-3.45921
-3.45905
-3.45845
-3.45906
-3.45966
-3.45921
-3.45981
-3.45996
-3.46026
-3.46041
-3.45936
-3.46041
-3.46041
-3.46011
-3.46087
-3.45996
-3.46071
-3.46041
-3.45996
-3.4589
-3.4592
-3.45875
-3.4595
-3.45905
-3.46011
-3.46117
-3.46147
-3.46208
-3.46223
-3.46177
-3.46071
-3.46026
-3.46131
-3.46101
-3.46161
-3.46116
-3.46131
-3.46132
-3.46011
-3.46041
-3.45996
-3.46026
-3.46132
-3.46132
-3.46026
-3.46102
-3.46071
-3.46086
-3.4601
-3.45859
-3.45814
-3.4589
-3.45966
-3.4589
-3.4592
-3.45875
-3.45966
-3.4586
-3.45845
-3.45754
-3.45678
-3.45648
-3.45693
-3.45709
-3.45633
-3.45754
-3.45769
-3.45769
-3.45678
-3.45588
-3.45467
-3.45497
-3.45588
-3.45648
-3.45602
-3.45572
-3.45451
-3.45482
-3.45452
-3.45421
-3.45437
-3.45391
-3.45436
-3.45452
-3.45482
-3.45452
-3.45513
-3.45483
-3.45558
-3.45543
-3.45453
-3.45422
-3.45497
-3.45572
-3.45497
-3.45543
-3.45588
-3.45664
-3.4586
-3.45799
-3.45799
-3.45844
-3.4592
-3.45981
-3.45966
-3.45981
-3.45936
-3.45921
-3.45951
-3.45981
-3.45966
-3.45966
-3.4589
-3.45936
-3.45891
-3.45876
-3.458
-3.4577
-3.45815
-3.45694
-3.45648
-3.45663
-3.45618
-3.45557
-3.45679
-3.45709
-3.45785
-3.45815
-3.45875
-3.4586
-3.45996
-3.45981
-3.45905
-3.45815
-3.45784
-3.45784
-3.45875
-3.45754
-3.45784
-3.45724
-3.45694
-3.45603
-3.45588
-3.45664
-3.45709
-3.45739
-3.45739
-3.45694
-3.45739
-3.45724
-3.45754
-3.45754
-3.4583
-3.45829
-3.45754
-3.45754
-3.45769
-3.4589
-3.45845
-3.45829
-3.45845
-3.45829
-3.45905
-3.45814
-3.45829
-3.45678
-3.45602
-3.45497
-3.45527
-3.45557
-3.45527
-3.45573
-3.45618
-3.45543
-3.45603
-3.45709
-3.45739
-3.45814
-3.45874
-3.45814
-3.45783
-3.45738
-3.45768
-3.45829
-3.45814
-3.45678
-3.45753
-3.45738
-3.45829
-3.45904
-3.4595
-3.45904
-3.45935
-3.46025
-3.46071
-3.46056
-3.46146
-3.46131
-3.46147
-3.46177
-3.46116
-3.46101
-3.46191
-3.46176
-3.46176
-3.46192
-3.46207
-3.46237
-3.46343
-3.46298
-3.46464
-3.46479
-3.46509
-3.46419
-3.46313
-3.46328
-3.46358
-3.46388
-3.46313
-3.46252
-3.46267
-3.46192
-3.46147
-3.46192
-3.46192
-3.46237
-3.46267
-3.46312
-3.46403
-3.46373
-3.46388
-3.46343
-3.46207
-3.46041
-3.46011
-3.46011
-3.4598
-3.45965
-3.46026
-3.46011
-3.4595
-3.45905
-3.45874
-3.45904
-3.45904
-3.45829
-3.45708
-3.45648
-3.45648
-3.45709
-3.45709
-3.45679
-3.45694
-3.45754
-3.45814
-3.45859
-3.45889
-3.45874
-3.45814
-3.45859
-3.45859
-3.45844
-3.45814
-3.45829
-3.45829
-3.45724
-3.45633
-3.45648
-3.45588
-3.45512
-3.45648
-3.45633
-3.45618
-3.45648
-3.45693
-3.45784
-3.45708
-3.45693
-3.45723
-3.45799
-3.45859
-3.45935
-3.45799
-3.45935
-3.4598
-3.45995
-3.4595
-3.46025
-3.46026
-3.45965
-3.45905
-3.45769
-3.45754
-3.45754
-3.45708
-3.45799
-3.4592
-3.45874
-3.4592
-3.4598
-3.4595
-3.46086
-3.46237
-3.46282
-3.46373
-3.46327
-3.46433
-3.46327
-3.46403
-3.46464
-3.466
-3.4663
-3.46555
-3.46509
-3.46464
-3.46388
-3.46298
-3.46283
-3.46313
-3.46221
-3.46312
-3.46327
-3.46357
-3.46343
-3.46373
-3.46312
-3.46418
-3.46403
-3.46388
-3.46313
-3.46328
-3.46343
-3.53332
-3.53468
-3.53543
-3.53528
-3.53573
-3.53483
-3.53392
-3.53287
-3.53226
-3.53196
-3.53151
-3.53211
-3.53106
-3.53091
-3.53075
-3.5303
-3.52985
-3.53014
-3.52924
-3.52908
-3.52893
-3.52878
-3.52818
-3.52787
-3.52773
-3.52818
-3.52819
-3.52879
-3.52819
-3.52849
-3.52864
-3.52864
-3.52924
-3.52864
-3.52743
-3.52682
-3.52682
-3.52758
-3.52743
-3.52728
-3.52834
-3.52834
-3.52743
-3.52727
-3.52833
-3.52698
-3.52758
-3.52819
-3.52728
-3.52713
-3.52667
-3.52728
-3.52667
-3.52683
-3.52577
-3.52577
-3.52607
-3.52667
-3.52788
-3.52773
-3.52803
-3.52849
-3.52819
-3.52803
-3.52803
-3.52728
-3.52607
-3.52592
-3.52471
-3.52516
-3.52456
-3.52471
-3.52592
-3.52577
-3.52667
-3.52607
-3.52441
-3.52486
-3.52441
-3.52425
-3.52425
-3.52425
-3.52501
-3.52531
-3.52546
-3.52471
-3.52456
-3.52381
-3.52411
-3.52562
-3.52501
-3.5244
-3.52501
-3.52425
-3.52531
-3.52471
-3.52487
-3.52487
-3.52623
-3.52532
-3.52472
-3.52638
-3.52668
-3.52653
-3.52562
-3.52547
-3.52531
-3.52546
-3.52561
-3.52531
-3.52516
-3.52546
-3.52682
-3.52622
-3.52698
-3.52728
-3.52849
-3.5291
-3.5294
-3.5291
-3.52864
-3.52909
-3.52864
-3.52819
-3.52864
-3.52819
-3.52773
-3.52834
-3.52834
-3.52789
-3.52774
-3.5291
-3.52864
-3.52834
-3.52894
-3.52909
-3.52879
-3.52955
-3.53
-3.52986
-3.52986
-3.52804
-3.52834
-3.52819
-3.5294
-3.53015
-3.53
-3.5291
-3.52895
-3.5285
-3.52895
-3.5291
-3.5285
-3.5285
-3.52804
-3.52774
-3.52729
-3.52744
-3.52789
-3.52834
-3.52758
-3.52834
-3.52804
-3.52834
-3.52804
-3.5285
-3.52865
-3.52789
-3.52729
-3.52759
-3.52789
-3.52683
-3.52713
-3.52759
-3.52729
-3.52668
-3.52789
-3.52895
-3.52955
-3.53016
-3.52985
-3.53
-3.53091
-3.53076
-3.53091
-3.53076
-3.53015
-3.52924
-3.52849
-3.52849
-3.52804
-3.5279
-3.5276
-3.52744
-3.5282
-3.52714
-3.52789
-3.5282
-3.5288
-3.52804
-3.52774
-3.52849
-3.5288
-3.52774
-3.5282
-3.5282
-3.5279
-3.52759
-3.52729
-3.52699
-3.52654
-3.52608
-3.52593
-3.52532
-3.52533
-3.52593
-3.52533
-3.52623
-3.52714
-3.52669
-3.52594
-3.52579
-3.5273
-3.52714
-3.52684
-3.52699
-3.52744
-3.52729
-3.52714
-3.52759
-3.52729
-3.52774
-3.52774
-3.5291
-3.52971
-3.53077
-3.53153
-3.53092
-3.53123
-3.53077
-3.53002
-3.52987
-3.52956
-3.52881
-3.52956
-3.53032
-3.52971
-3.53031
-3.53046
-3.53061
-3.53031
-3.52971
-3.53016
-3.53001
-3.53047
-3.53137
-3.53107
-3.53152
-3.53031
-3.53061
-3.53122
-3.53137
-3.53137
-3.53122
-3.53062
-3.53062
-3.53077
-3.53047
-3.53017
-3.52941
-3.52956
-3.52986
-3.53001
-3.52971
-3.52881
-3.52956
-3.53032
-3.52896
-3.53032
-3.53047
-3.53047
-3.52971
-3.52971
-3.53001
-3.52955
-3.5291
-3.5297
-3.52986
-3.52881
-3.52851
-3.52836
-3.52806
-3.52866
-3.52926
-3.5279
-3.52911
-3.52926
-3.52896
-3.52805
-3.5279
-3.52865
-3.52896
-3.52941
-3.52881
-3.52956
-3.52987
-3.53002
-3.53032
-3.53047
-3.53032
-3.53047
-3.52941
-3.52972
-3.53017
-3.53017
-3.52957
-3.53017
-3.52942
-3.52957
-3.53002
-3.53001
-3.52956
-3.52911
-3.52911
-3.52987
-3.52942
-3.53032
-3.52942
-3.52881
-3.52912
-3.52942
-3.53002
-3.53062
-3.53108
-3.53183
-3.53092
-3.53138
-3.53213
-3.53228
-3.53168
-3.53183
-3.53244
-3.53274
-3.53244
-3.53304
-3.53365
-3.5341
-3.53471
-3.53501
-3.5338
-3.53305
-3.53244
-3.53304
-3.5338
-3.5344
-3.53365
-3.53259
-3.53229
-3.53229
-3.53184
-3.53214
-3.53289
-3.53365
-3.53319
-3.53183
-3.53244
-3.53229
-3.53274
-3.53275
-3.5332
-3.53441
-3.53501
-3.53456
-3.53274
-3.53214
-3.53077
-3.53077
-3.52986
-3.52956
-3.52866
-3.52957
-3.53093
-3.53078
-3.53184
-3.53229
-3.53259
-3.53138
-3.53259
-3.53244
-3.53244
-3.53244
-3.53365
-3.53228
-3.53228
-3.53228
-3.53228
-3.53379
-3.5338
-3.53395
-3.53455
-3.53516
-3.53455
-3.5335
-3.5335
-3.5332
-3.53395
-3.5344
-3.53425
-3.5341
-3.53379
-3.53379
-3.53425
-3.53244
-3.53259
-3.53244
-3.53334
-3.53259
-3.53229
-3.53229
-3.53032
-3.52911
-3.52926
-3.52941
-3.52941
-3.53047
-3.53078
-3.53002
-3.52987
-3.52972
-3.52911
-3.52881
-3.52805
-3.5279
-3.52715
-3.52715
-3.52669
-3.52669
-3.52579
-3.52624
-3.52684
-3.52775
-3.52881
-3.52896
-3.52791
-3.5276
-3.5276
-3.52881
-3.52805
-3.5273
-3.52684
-3.5279
-3.52715
-3.52699
-3.52699
-3.5273
-3.527
-3.5273
-3.52685
-3.5264
-3.52731
-3.5273
-3.52745
-3.52744
-3.5279
-3.5282
-3.52745
-3.5276
-3.52746
-3.52685
-3.52731
-3.52867
-3.52836
-3.52791
-3.52851
-3.52896
-3.52895
-3.52835
-3.52895
-3.52972
-3.53002
-3.52987
-3.53003
-3.53048
-3.53108
-3.53063
-3.53108
-3.53047
-3.53017
-3.52972
-3.52987
-3.52866
-3.52911
-3.52987
-3.52911
-3.52881
-3.52866
-3.52912
-3.52851
-3.52821
-3.52655
-3.52655
-3.5267
-3.52715
-3.5276
-3.5273
-3.52745
-3.52761
-3.52791
-3.52776
-3.5276
-3.5273
-3.527
-3.52669
-3.52745
-3.52655
-3.5264
-3.52655
-3.52655
-3.52715
-3.52654
-3.52715
-3.52579
-3.52609
-3.5267
-3.527
-3.52745
-3.52715
-3.5267
-3.52806
-3.52836
-3.52715
-3.52655
-3.5264
-3.52625
-3.52594
-3.5264
-3.52624
-3.527
-3.5267
-3.52549
-3.52609
-3.52594
-3.52594
-3.52579
-3.52474
-3.52504
-3.52444
-3.52414
-3.52489
-3.52504
-3.52595
-3.527
-3.52624
-3.52639
-3.52669
-3.52639
-3.52654
-3.52549
-3.52549
-3.52504
-3.52474
-3.52579
-3.52564
-3.52579
-3.52534
-3.52564
-3.52625
-3.52655
-3.52655
-3.52731
-3.52836
-3.52806
-3.52761
-3.52791
-3.52851
-3.52806
-3.52821
-3.52791
-3.52806
-3.52715
-3.52836
-3.52881
-3.52927
-3.52942
-3.53033
-3.53018
-3.52988
-3.52927
-3.52957
-3.52957
-3.53078
-3.53063
-3.53184
-3.53124
-3.53033
-3.52957
-3.52987
-3.52957
-3.52927
-3.52912
-3.52867
-3.527
-3.52746
-3.52866
-3.52881
-3.52791
-3.52821
-3.52867
-3.52791
-3.52882
-3.52927
-3.52867
-3.52851
-3.52912
-3.52896
-3.52927
-3.52882
-3.52851
-3.52882
-3.52897
-3.52866
-3.52926
-3.52881
-3.52821
-3.52851
-3.52791
-3.52821
-3.52821
-3.52867
-3.52746
-3.52655
-3.52565
-3.52565
-3.52489
-3.52519
-3.52534
-3.52519
-3.52458
-3.52504
-3.52443
-3.52458
-3.52413
-3.52458
-3.52398
-3.52367
-3.52503
-3.52579
-3.5264
-3.5273
-3.527
-3.52746
-3.52761
-3.52776
-3.52851
-3.52927
-3.52957
-3.52973
-3.52897
-3.52867
-3.52746
-3.52731
-3.5264
-3.52625
-3.52549
-3.52594
-3.52549
-3.52489
-3.52504
-3.52474
-3.52519
-3.52534
-3.52488
-3.52398
-3.52353
-3.52383
-3.52368
-3.52504
-3.52459
-3.52398
-3.52474
-3.52353
-3.52353
-3.52398
-3.52277
-3.52307
-3.52307
-3.52217
-3.52353
-3.52383
-3.52368
-3.52413
-3.52353
-3.52473
-3.52519
-3.52594
-3.52519
-3.52504
-3.52519
-3.52489
-3.52474
-3.52398
-3.52489
-3.52519
-3.52519
-3.52519
-3.52519
-3.52504
-3.52489
-3.52594
-3.5267
-3.52564
-3.52654
-3.52655
-3.52685
-3.52776
-3.52821
-3.52852
-3.52912
-3.52973
-3.53003
-3.53108
-3.53138
-3.53138
-3.53228
-3.53304
-3.53228
-3.53259
-3.53229
-3.53214
-3.5329
-3.5335
-3.53335
-3.53244
-3.53168
-3.53214
-3.53184
-3.53244
-3.53199
-3.53214
-3.53169
-3.53184
-3.5326
-3.53124
-3.53033
-3.53093
-3.53184
-3.53108
-3.53229
-3.53184
-3.53214
-3.53168
-3.53168
-3.53168
-3.53153
-3.53123
-3.53123
-3.53184
-3.53124
-3.53124
-3.53139
-3.53094
-3.53018
-3.53048
-3.53063
-3.52957
-3.52942
-3.52957
-3.52927
-3.52867
-3.52957
-3.52972
-3.52987
-3.52972
-3.52987
-3.53048
-3.53033
-3.52912
-3.52897
-3.52927
-3.53033
-3.52912
-3.52927
-3.52867
-3.52867
-3.52882
-3.52897
-3.52912
-3.52987
-3.52942
-3.52927
-3.52867
-3.52897
-3.52897
-3.53048
-3.53093
-3.53018
-3.52912
-3.52822
-3.52792
-3.52852
-3.52867
-3.52988
-3.53033
-3.53048
-3.53093
-3.53184
-3.53139
-3.53123
-3.53153
-3.53078
-3.53033
-3.53108
-3.53018
-3.53094
-3.53018
-3.52988
-3.52973
-3.53003
-3.53048
-3.53003
-3.53033
-3.52988
-3.52943
-3.53003
-3.52988
-3.53049
-3.53169
-3.53275
-3.53214
-3.53229
-3.53184
-3.53154
-3.53154
-3.53199
-3.53154
-3.53109
-3.53094
-3.53033
-3.53033
-3.53063
-3.52988
-3.53063
-3.53078
-3.53078
-3.53169
-3.53184
-3.53123
-3.53138
-3.53169
-3.53078
-3.53033
-3.53063
-3.53078
-3.52972
-3.53018
-3.53093
-3.52957
-3.53002
-3.52987
-3.53048
-3.53123
-3.53018
-3.52988
-3.52867
-3.52852
-3.52882
-3.52852
-3.52822
-3.52852
-3.52927
-3.52957
-3.52957
-3.52836
-3.52776
-3.52776
-3.52716
-3.52761
-3.52822
-3.52897
-3.52958
-3.52822
-3.52943
-3.52913
-3.52943
-3.52928
-3.52867
-3.52807
-3.52716
-3.5267
-3.52625
-3.52701
-3.52641
-3.52686
-3.52671
-3.5264
-3.52655
-3.5267
-3.5258
-3.52474
-3.5249
-3.52399
-3.52354
-3.52459
-3.52444
-3.52429
-3.52489
-3.52504
-3.52565
-3.52444
-3.52504
-3.52489
-3.52459
-3.5261
-3.5258
-3.52505
-3.52475
-3.5246
-3.52566
-3.52581
-3.52671
-3.52671
-3.52611
-3.52565
-3.52595
-3.52595
-3.5261
-3.52686
-3.52656
-3.5258
-3.5255
-3.52565
-3.52611
-3.5258
-3.5255
-3.52656
-3.52807
-3.52747
-3.52687
-3.52566
-3.52535
-3.5261
-3.52731
-3.52701
-3.52746
-3.52716
-3.52746
-3.52761
-3.52777
-3.52731
-3.52746
-3.52746
-3.52626
-3.52656
-3.52565
-3.52565
-3.52535
-3.52626
-3.52671
-3.52625
-3.52655
-3.52761
-3.52686
-3.52671
-3.52641
-3.52626
-3.52641
-3.52686
-3.52656
-3.5258
-3.52656
-3.52595
-3.52656
-3.52641
-3.52656
-3.52625
-3.5261
-3.52565
-3.52459
-3.52429
-3.52474
-3.52429
-3.52414
-3.52338
-3.52278
-3.52232
-3.52126
-3.52202
-3.52278
-3.52309
-3.52233
-3.52354
-3.52339
-3.52324
-3.52369
-3.52339
-3.52339
-3.52323
-3.52338
-3.52338
-3.52353
-3.52368
-3.34093
-3.34033
-3.34078
-3.34078
-3.34017
-3.34123
-3.33987
-3.34002
-3.34063
-3.34108
-3.34169
-3.34289
-3.34259
-3.34229
-3.34319
-3.34379
-3.34319
-3.34365
-3.34259
-3.34199
-3.34123
-3.34123
-3.34184
-3.34184
-3.34199
-3.34093
-3.34138
-3.34078
-3.34078
-3.34062
-3.34108
-3.34244
-3.34229
-3.3426
-3.3423
-3.3429
-3.34245
-3.34184
-3.34199
-3.34214
-3.34168
-3.34229
-3.34214
-3.34169
-3.34093
-3.34108
-3.34184
-3.34244
-3.34244
-3.34275
-3.34244
-3.3432
-3.34456
-3.34516
-3.34486
-3.34471
-3.3441
-3.34395
-3.3429
-3.3432
-3.34335
-3.3429
-3.34214
-3.34305
-3.34441
-3.34395
-3.34319
-3.3435
-3.3444
-3.34455
-3.34395
-3.34334
-3.34259
-3.34244
-3.34305
-3.3435
-3.34381
-3.34381
-3.34411
-3.34411
-3.34501
-3.3438
-3.34471
-3.34561
-3.34546
-3.34486
-3.34486
-3.34471
-3.34486
-3.34456
-3.34426
-3.34562
-3.34441
-3.34426
-3.34395
-3.3435
-3.34304
-3.34365
-3.3438
-3.34319
-3.34289
-3.34229
-3.34304
-3.34259
-3.3438
-3.3441
-3.34395
-3.34425
-3.34425
-3.3438
-3.3438
-3.34471
-3.34456
-3.34471
-3.34455
-3.34425
-3.34334
-3.34395
-3.34319
-3.34274
-3.3432
-3.34365
-3.34426
-3.34471
-3.34456
-3.34517
-3.34456
-3.34365
-3.34425
-3.3444
-3.34546
-3.34531
-3.34591
-3.34531
-3.34531
-3.34425
-3.34456
-3.3441
-3.34395
-3.34456
-3.34516
-3.34622
-3.34697
-3.34637
-3.34697
-3.34803
-3.34818
-3.34894
-3.34969
-3.34969
-3.34939
-3.34758
-3.34894
-3.34924
-3.34819
-3.34909
-3.34849
-3.34834
-3.34834
-3.34909
-3.34773
-3.34879
-3.34894
-3.34818
-3.34773
-3.34742
-3.34727
-3.34682
-3.34682
-3.34652
-3.34622
-3.34576
-3.34501
-3.34561
-3.34592
-3.34667
-3.34607
-3.34592
-3.34607
-3.34637
-3.34682
-3.34712
-3.34667
-3.34728
-3.34743
-3.34788
-3.34849
-3.34803
-3.34728
-3.34743
-3.34788
-3.34712
-3.34757
-3.34712
-3.34697
-3.34622
-3.34592
-3.34501
-3.34516
-3.3441
-3.34471
-3.3441
-3.34335
-3.34274
-3.34335
-3.34335
-3.34334
-3.34304
-3.34364
-3.34334
-3.34259
-3.34229
-3.34199
-3.3432
-3.34395
-3.3438
-3.3432
-3.34274
-3.34229
-3.3432
-3.34335
-3.34334
-3.34214
-3.34259
-3.34274
-3.34138
-3.34108
-3.34259
-3.34229
-3.34275
-3.34305
-3.34289
-3.34229
-3.34334
-3.34319
-3.34304
-3.3432
-3.34305
-3.34305
-3.34229
-3.34139
-3.34184
-3.34078
-3.34109
-3.34078
-3.34139
-3.34123
-3.34259
-3.34335
-3.34365
-3.3438
-3.34334
-3.34304
-3.34274
-3.34305
-3.34441
-3.34411
-3.3441
-3.34319
-3.34319
-3.3432
-3.34305
-3.34365
-3.3429
-3.34335
-3.34381
-3.34245
-3.34199
-3.34214
-3.34275
-3.34184
-3.34169
-3.34123
-3.34078
-3.34093
-3.34108
-3.34153
-3.34138
-3.34138
-3.34259
-3.3429
-3.34259
-3.34275
-3.34305
-3.3438
-3.34229
-3.34244
-3.34124
-3.34169
-3.34169
-3.3423
-3.3429
-3.34259
-3.34244
-3.34304
-3.34305
-3.34351
-3.34396
-3.34351
-3.34487
-3.34487
-3.34366
-3.34305
-3.34305
-3.34229
-3.3432
-3.34305
-3.34244
-3.34259
-3.34169
-3.34123
-3.34048
-3.34047
-3.34123
-3.34108
-3.34063
-3.34063
-3.34245
-3.3426
-3.34305
-3.34214
-3.34199
-3.34184
-3.34153
-3.34229
-3.34199
-3.34289
-3.34259
-3.34259
-3.34198
-3.34199
-3.34199
-3.34214
-3.34214
-3.34214
-3.34229
-3.34259
-3.34183
-3.34183
-3.34153
-3.34108
-3.33987
-3.33987
-3.34033
-3.34123
-3.34033
-3.33988
-3.34003
-3.33942
-3.33972
-3.34017
-3.34077
-3.34062
-3.33956
-3.33942
-3.34002
-3.34078
-3.34093
-3.34169
-3.34214
-3.34259
-3.34395
-3.34485
-3.3447
-3.34546
-3.34561
-3.34591
-3.34561
-3.34636
-3.34591
-3.34501
-3.34547
-3.34441
-3.3435
-3.34365
-3.34244
-3.34213
-3.34168
-3.34138
-3.34123
-3.34092
-3.34108
-3.34138
-3.34214
-3.34259
-3.34365
-3.34441
-3.34395
-3.3438
-3.34335
-3.3435
-3.34379
-3.3444
-3.345
-3.3447
-3.3447
-3.34501
-3.3447
-3.3447
-3.34561
-3.34561
-3.34455
-3.34425
-3.34364
-3.34425
-3.34395
-3.34349
-3.34319
-3.34244
-3.34244
-3.34335
-3.34365
-3.34274
-3.34349
-3.34349
-3.34364
-3.34288
-3.34243
-3.34258
-3.34228
-3.34304
-3.34228
-3.34274
-3.34244
-3.34334
-3.3441
-3.34425
-3.34485
-3.3438
-3.34319
-3.34304
-3.34274
-3.34259
-3.34213
-3.34198
-3.34214
-3.34244
-3.34274
-3.34395
-3.34334
-3.3438
-3.34425
-3.3435
-3.34305
-3.34274
-3.34335
-3.34319
-3.34334
-3.34319
-3.34455
-3.34455
-3.34379
-3.3441
-3.34395
-3.34411
-3.34486
-3.34486
-3.34426
-3.3438
-3.34411
-3.3438
-3.3438
-3.34411
-3.34471
-3.34456
-3.3441
-3.34425
-3.3438
-3.34334
-3.34274
-3.34334
-3.34259
-3.34214
-3.34199
-3.34229
-3.34138
-3.34138
-3.34183
-3.34168
-3.34244
-3.34274
-3.34395
-3.34274
-3.34259
-3.34304
-3.34425
-3.34365
-3.3432
-3.34365
-3.3432
-3.34259
-3.34214
-3.34304
-3.34229
-3.34259
-3.34244
-3.34259
-3.3435
-3.34365
-3.34576
-3.34561
-3.34546
-3.34546
-3.34501
-3.3441
-3.3435
-3.34501
-3.34471
-3.34471
-3.34516
-3.34485
-3.34395
-3.3447
-3.3447
-3.34576
-3.34456
-3.34547
-3.34486
-3.34517
-3.34592
-3.34622
-3.34546
-3.34546
-3.34697
-3.34727
-3.34712
-3.34652
-3.34652
-3.34698
-3.34743
-3.34697
-3.34667
-3.34637
-3.34697
-3.34667
-3.34652
-3.34697
-3.34787
-3.34697
-3.34591
-3.34591
-3.34546
-3.34546
-3.34486
-3.34546
-3.34561
-3.34667
-3.34607
-3.34576
-3.34546
-3.34561
-3.34516
-3.34516
-3.34636
-3.34606
-3.34621
-3.34712
-3.34788
-3.34848
-3.34773
-3.34698
-3.34743
-3.34803
-3.34758
-3.34727
-3.34622
-3.34516
-3.34486
-3.34561
-3.34622
-3.34637
-3.34667
-3.34622
-3.34592
-3.34487
-3.34457
-3.34547
-3.34638
-3.34577
-3.34501
-3.3447
-3.34501
-3.34546
-3.34562
-3.34577
-3.34517
-3.34668
-3.34652
-3.34637
-3.34698
-3.34667
-3.34622
-3.34743
-3.34652
-3.34652
-3.34562
-3.34607
-3.34652
-3.34682
-3.34667
-3.34697
-3.34682
-3.34637
-3.34652
-3.34697
-3.34803
-3.34682
-3.34713
-3.34713
-3.34682
-3.34652
-3.34682
-3.34728
-3.34698
-3.34683
-3.34683
-3.34713
-3.34683
-3.34531
-3.34592
-3.34682
-3.34637
-3.34697
-3.34773
-3.34788
-3.34728
-3.34697
-3.34652
-3.34637
-3.34487
-3.34411
-3.34335
-3.3432
-3.34305
-3.34199
-3.34108
-3.34169
-3.34184
-3.34214
-3.34154
-3.34169
-3.34153
-3.34093
-3.34093
-3.34048
-3.33882
-3.33973
-3.33762
-3.33747
-3.33717
-3.33777
-3.33717
-3.33626
-3.33686
-3.33656
-3.3361
-3.33579
-3.33625
-3.3367
-3.33746
-3.33746
-3.33777
-3.33762
-3.33883
-3.33898
-3.33852
-3.33822
-3.33867
-3.33897
-3.33958
-3.34048
-3.34139
-3.34123
-3.34214
-3.34335
-3.3429
-3.34305
-3.3426
-3.3426
-3.34275
-3.3432
-3.34229
-3.34078
-3.34063
-3.34048
-3.33958
-3.33943
-3.33973
-3.33973
-3.34018
-3.33973
-3.33988
-3.33987
-3.33942
-3.33851
-3.33836
-3.33851
-3.33912
-3.33852
-3.33821
-3.33867
-3.34003
-3.34093
-3.34124
-3.34063
-3.34093
-3.34093
-3.34123
-3.34123
-3.34108
-3.34199
-3.34305
-3.3435
-3.34426
-3.34471
-3.3447
-3.34501
-3.34456
-3.34426
-3.34351
-3.34426
-3.34487
-3.34502
-3.34562
-3.34592
-3.34683
-3.34683
-3.34622
-3.34622
-3.34743
-3.34667
-3.34592
-3.34622
-3.34668
-3.34728
-3.34653
-3.34592
-3.34532
-3.34562
-3.34622
-3.34577
-3.34561
-3.34743
-3.34652
-3.34637
-3.34577
-3.34653
-3.34743
-3.34743
-3.34698
-3.34638
-3.34683
-3.34713
-3.34683
-3.34622
-3.34607
-3.34576
-3.34516
-3.34456
-3.34365
-3.3429
-3.3429
-3.34275
-3.34275
-3.34335
-3.3435
-3.34274
-3.34199
-3.34199
-3.34214
-3.34274
-3.34184
-3.34199
-3.34229
-3.3429
-3.34274
-3.3438
-3.34245
-3.3432
-3.34305
-3.34244
-3.34274
-3.34365
-3.3441
-3.34365
-3.34546
-3.34471
-3.34547
-3.34577
-3.34577
-3.34562
-3.34562
-3.34713
-3.34532
-3.34456
-3.34456
-3.3438
-3.34319
-3.34274
-3.34259
-3.34229
-3.34259
-3.34259
-3.3435
-3.34275
-3.3432
-3.34366
-3.3435
-3.34214
-3.3426
-3.3438
-3.3435
-3.34229
-3.34305
-3.34244
-3.34259
-3.34259
-3.34395
-3.34396
-3.34471
-3.34456
-3.34441
-3.34396
-3.34335
-3.34335
-3.34365
-3.3435
-3.3435
-3.34441
-3.34335
-3.34335
-3.34124
-3.34109
-3.34154
-3.34154
-3.34199
-3.34229
-3.34244
-3.34184
-3.34153
-3.34138
-3.34154
-3.34154
-3.3426
-3.34275
-3.3429
-3.3429
-3.34365
-3.3435
-3.3423
-3.3426
-3.3435
-3.34441
-3.34426
-3.34366
-3.34457
-3.34457
-3.34577
-3.34668
-3.34532
-3.34652
-3.34683
-3.34728
-3.34818
-3.34789
-3.34743
-3.34729
-3.34698
-3.34608
-3.34653
-3.34623
-3.34532
-3.34547
-3.34562
-3.34517
-3.34411
-3.34381
-3.34381
-3.34396
-3.34487
-3.34395
-3.34501
-3.34576
-3.34546
-3.34547
-3.34517
-3.34487
-3.34487
-3.34487
-3.34487
-3.34578
-3.34396
-3.34517
-3.34502
-3.34427
-3.34487
-3.34487
-3.34502
-3.34487
-3.34547
-3.34593
-3.34608
-3.34608
-3.34653
-3.34592
-3.34532
-3.34532
-3.34457
-3.34351
-3.34321
-3.34321
-3.3429
-3.34321
-3.34275
-3.34351
-3.34517
-3.34532
-3.34487
-3.34547
-3.34487
-3.34397
-3.34442
-3.34488
-3.34457
-3.34367
-3.34412
-3.34336
-3.34351
-3.34441
-3.34486
-3.34486
-3.34547
-3.34607
-3.34698
-3.34668
-3.34683
-3.34729
-3.34668
-3.34638
-3.34699
-3.34669
-3.34654
-3.34684
-3.34593
-3.34563
-3.34503
-3.34518
-3.34608
-3.34653
-3.34622
-3.34622
-3.34592
-3.34713
-3.34728
-3.34668
-3.34623
-3.34578
-3.34502
-3.34457
-3.3429
-3.34336
-3.34336
-3.3426
-3.34245
-3.34245
-3.34291
-3.34336
-3.34246
-3.34246
-3.34261
-3.34336
-3.34366
-3.34381
-3.34366
-3.34396
-3.34411
-3.34396
-3.34532
-3.34487
-3.34456
-3.34517
-3.34714
-3.34653
-3.34623
-3.34593
-3.34517
-3.34412
-3.34412
-3.34457
-3.34532
-3.34426
-3.34366
-3.34351
-3.34351
-3.34381
-3.34457
-3.34502
-3.34532
-3.34622
-3.34607
-3.34607
-3.32218
-3.32279
-3.32233
-3.32294
-3.32249
-3.32309
-3.32355
-3.32294
-3.32219
-3.32143
-3.32249
-3.32294
-3.32339
-3.32445
-3.32506
-3.32355
-3.32203
-3.32113
-3.32158
-3.32067
-3.32007
-3.31946
-3.31992
-3.32052
-3.32143
-3.32098
-3.32128
-3.32189
-3.3222
-3.32069
-3.31978
-3.32023
-3.32023
-3.31977
-3.32068
-3.32083
-3.32083
-3.32143
-3.32053
-3.32159
-3.32234
-3.3231
-3.32204
-3.32203
-3.32203
-3.32082
-3.32067
-3.32007
-3.32022
-3.31977
-3.31977
-3.32083
-3.32053
-3.31917
-3.31841
-3.31902
-3.31962
-3.31901
-3.31992
-3.31977
-3.31977
-3.32007
-3.32113
-3.32053
-3.32128
-3.32053
-3.32053
-3.32113
-3.32038
-3.31947
-3.31841
-3.31826
-3.31781
-3.31781
-3.3178
-3.31931
-3.31901
-3.31962
-3.32052
-3.31977
-3.31962
-3.31857
-3.31872
-3.31841
-3.3175
-3.31735
-3.31796
-3.31705
-3.31599
-3.31614
-3.31645
-3.3166
-3.316
-3.316
-3.31615
-3.3154
-3.31404
-3.31403
-3.31358
-3.31358
-3.31418
-3.31554
-3.31614
-3.31689
-3.31689
-3.31735
-3.31705
-3.3169
-3.31781
-3.31811
-3.31751
-3.31796
-3.31736
-3.31826
-3.31766
-3.31751
-3.3166
-3.31691
-3.31675
-3.31736
-3.31751
-3.3169
-3.31675
-3.3178
-3.31856
-3.31856
-3.3172
-3.3169
-3.31736
-3.31766
-3.31736
-3.31781
-3.31751
-3.31887
-3.31887
-3.31932
-3.31871
-3.31932
-3.31962
-3.31992
-3.32007
-3.32068
-3.32053
-3.31902
-3.31841
-3.31917
-3.31827
-3.31781
-3.31887
-3.31948
-3.31993
-3.32129
-3.32204
-3.32189
-3.32219
-3.32279
-3.32279
-3.32203
-3.32218
-3.32173
-3.32143
-3.32113
-3.32083
-3.32083
-3.32007
-3.32068
-3.32053
-3.32007
-3.32113
-3.32174
-3.32083
-3.32129
-3.32053
-3.31993
-3.31993
-3.31962
-3.31857
-3.31887
-3.31902
-3.31947
-3.31992
-3.32052
-3.31961
-3.31976
-3.32007
-3.31992
-3.32068
-3.32083
-3.32159
-3.32098
-3.32098
-3.32204
-3.32173
-3.32174
-3.32159
-3.32265
-3.32129
-3.32113
-3.32098
-3.32053
-3.32007
-3.32083
-3.32113
-3.32082
-3.32007
-3.32052
-3.32052
-3.31992
-3.32022
-3.31962
-3.31887
-3.31886
-3.31947
-3.31962
-3.31977
-3.31977
-3.31977
-3.32038
-3.31977
-3.31962
-3.32007
-3.31977
-3.31992
-3.32007
-3.32098
-3.32068
-3.32022
-3.31977
-3.31917
-3.31977
-3.32022
-3.31947
-3.32022
-3.32083
-3.32007
-3.31917
-3.31992
-3.31977
-3.31856
-3.31962
-3.31887
-3.31826
-3.31841
-3.31886
-3.31916
-3.31886
-3.31961
-3.32037
-3.32067
-3.32082
-3.32037
-3.32022
-3.32083
-3.32067
-3.32188
-3.32113
-3.32128
-3.32113
-3.32143
-3.32098
-3.32143
-3.32249
-3.32158
-3.32113
-3.32143
-3.31992
-3.32022
-3.32083
-3.32143
-3.32143
-3.32038
-3.32053
-3.31917
-3.31872
-3.31872
-3.31872
-3.31872
-3.31826
-3.31796
-3.31796
-3.31795
-3.31765
-3.31901
-3.31841
-3.31826
-3.31675
-3.31615
-3.3163
-3.3163
-3.31539
-3.31539
-3.31509
-3.31584
-3.31675
-3.3166
-3.31615
-3.31675
-3.31584
-3.3163
-3.3166
-3.3175
-3.31825
-3.31825
-3.31719
-3.31704
-3.31734
-3.3181
-3.31931
-3.31931
-3.31886
-3.31826
-3.31887
-3.31841
-3.31766
-3.31781
-3.3175
-3.31856
-3.31856
-3.31841
-3.31856
-3.31901
-3.31871
-3.31856
-3.31796
-3.31856
-3.31766
-3.31887
-3.31841
-3.31841
-3.3172
-3.3172
-3.3169
-3.3169
-3.31705
-3.31706
-3.31615
-3.31841
-3.31796
-3.3178
-3.3178
-3.31886
-3.31856
-3.31886
-3.31887
-3.32023
-3.32098
-3.32144
-3.32008
-3.32083
-3.32038
-3.31977
-3.32007
-3.31992
-3.31962
-3.31992
-3.32022
-3.32037
-3.31962
-3.32083
-3.31963
-3.32084
-3.32084
-3.32068
-3.31977
-3.31976
-3.31976
-3.31946
-3.31871
-3.31826
-3.31781
-3.31857
-3.31872
-3.31947
-3.31932
-3.31781
-3.31901
-3.31901
-3.31886
-3.31826
-3.31826
-3.31826
-3.3175
-3.31705
-3.31644
-3.31644
-3.31689
-3.31644
-3.31674
-3.31644
-3.31644
-3.31674
-3.31614
-3.31584
-3.31629
-3.31675
-3.31735
-3.31735
-3.3172
-3.31735
-3.3178
-3.31825
-3.3184
-3.31915
-3.31976
-3.31991
-3.32022
-3.32037
-3.32022
-3.32037
-3.31946
-3.31946
-3.32007
-3.31931
-3.31946
-3.32052
-3.32082
-3.32052
-3.31961
-3.31931
-3.3181
-3.31689
-3.31659
-3.3172
-3.31674
-3.31614
-3.31599
-3.31584
-3.31629
-3.3172
-3.31689
-3.3175
-3.31735
-3.31765
-3.31796
-3.31811
-3.31901
-3.31901
-3.31991
-3.32006
-3.31976
-3.32098
-3.32128
-3.32022
-3.31932
-3.31932
-3.32037
-3.31961
-3.31961
-3.32037
-3.32037
-3.31992
-3.32037
-3.32098
-3.32174
-3.32189
-3.32204
-3.32234
-3.32128
-3.32158
-3.31946
-3.31856
-3.3187
-3.319
-3.31961
-3.32036
-3.32037
-3.31901
-3.31887
-3.31902
-3.31872
-3.31781
-3.31781
-3.3175
-3.31765
-3.31825
-3.3181
-3.31856
-3.31871
-3.31946
-3.31992
-3.31916
-3.31826
-3.31826
-3.31856
-3.31856
-3.31871
-3.31916
-3.32007
-3.31856
-3.31871
-3.31871
-3.31931
-3.31871
-3.31796
-3.31826
-3.31826
-3.31856
-3.31931
-3.31976
-3.3187
-3.319
-3.31931
-3.32022
-3.32082
-3.32082
-3.32007
-3.32098
-3.32067
-3.31977
-3.31901
-3.31992
-3.32053
-3.32128
-3.32128
-3.32204
-3.32158
-3.32218
-3.32143
-3.32203
-3.32082
-3.32052
-3.32052
-3.32053
-3.31947
-3.31977
-3.32037
-3.32022
-3.32006
-3.31961
-3.31916
-3.3184
-3.31825
-3.31855
-3.3178
-3.3184
-3.31946
-3.31992
-3.31917
-3.31947
-3.31947
-3.31977
-3.31962
-3.31841
-3.31841
-3.31871
-3.31916
-3.31855
-3.3184
-3.31779
-3.31855
-3.31886
-3.31871
-3.31932
-3.32007
-3.31992
-3.32052
-3.32143
-3.32097
-3.32097
-3.32173
-3.32233
-3.32294
-3.32294
-3.32279
-3.32203
-3.32294
-3.32355
-3.32339
-3.32294
-3.32203
-3.32278
-3.32112
-3.32112
-3.31991
-3.31961
-3.31976
-3.32006
-3.31976
-3.32006
-3.31901
-3.31886
-3.31841
-3.32037
-3.32082
-3.32007
-3.31901
-3.31886
-3.31992
-3.31901
-3.31765
-3.31794
-3.31763
-3.31839
-3.31946
-3.31992
-3.32158
-3.32037
-3.32022
-3.32067
-3.31977
-3.32007
-3.32067
-3.31961
-3.31825
-3.31839
-3.31824
-3.31809
-3.31794
-3.31734
-3.31749
-3.31855
-3.31931
-3.31871
-3.31811
-3.31811
-3.31735
-3.31765
-3.31765
-3.31795
-3.31825
-3.3184
-3.31825
-3.31749
-3.31719
-3.31809
-3.31779
-3.31749
-3.31825
-3.3187
-3.31735
-3.3169
-3.31735
-3.31871
-3.31916
-3.32082
-3.32142
-3.32218
-3.32142
-3.32172
-3.32142
-3.32052
-3.32022
-3.32083
-3.32037
-3.31992
-3.32052
-3.32037
-3.32052
-3.32036
-3.31916
-3.3184
-3.31825
-3.31901
-3.31916
-3.31886
-3.31977
-3.31916
-3.31795
-3.31704
-3.31644
-3.31538
-3.31614
-3.31614
-3.31659
-3.31569
-3.31538
-3.31659
-3.31704
-3.3184
-3.3178
-3.31765
-3.31614
-3.31629
-3.31674
-3.31689
-3.3178
-3.3184
-3.3187
-3.3178
-3.31901
-3.31916
-3.31856
-3.31871
-3.31931
-3.31977
-3.31976
-3.31855
-3.31945
-3.32021
-3.32142
-3.32308
-3.32248
-3.32218
-3.32248
-3.32248
-3.32278
-3.32263
-3.32308
-3.32278
-3.32202
-3.32127
-3.32036
-3.32081
-3.32187
-3.32142
-3.32112
-3.32022
-3.32112
-3.32158
-3.32248
-3.32277
-3.32413
-3.32322
-3.32323
-3.32323
-3.32263
-3.32262
-3.32202
-3.32081
-3.32036
-3.32127
-3.32157
-3.32233
-3.32369
-3.32353
-3.32413
-3.32262
-3.32353
-3.32413
-3.32383
-3.32368
-3.32247
-3.32157
-3.31975
-3.32081
-3.32066
-3.32111
-3.32082
-3.32067
-3.32142
-3.32157
-3.32082
-3.32021
-3.31975
-3.3205
-3.31975
-3.31779
-3.31764
-3.31794
-3.31779
-3.3178
-3.31885
-3.319
-3.31915
-3.32036
-3.31945
-3.31945
-3.3199
-3.3202
-3.31929
-3.31778
-3.31854
-3.31824
-3.31839
-3.31915
-3.31961
-3.31991
-3.31961
-3.31931
-3.3184
-3.31961
-3.3193
-3.31915
-3.32036
-3.32051
-3.32096
-3.32066
-3.32005
-3.3193
-3.3196
-3.31976
-3.31855
-3.31885
-3.31946
-3.3187
-3.31885
-3.31809
-3.31854
-3.31884
-3.31869
-3.31945
-3.32021
-3.32112
-3.32263
-3.32233
-3.32248
-3.32127
-3.32036
-3.32036
-3.32187
-3.32156
-3.32202
-3.32172
-3.3196
-3.31915
-3.3187
-3.31885
-3.31945
-3.3196
-3.3193
-3.3187
-3.3193
-3.3193
-3.31855
-3.3184
-3.31869
-3.31779
-3.31733
-3.31748
-3.31824
-3.31839
-3.31734
-3.31915
-3.31915
-3.31915
-3.3193
-3.3202
-3.3202
-3.31884
-3.31809
-3.31915
-3.32005
-3.32081
-3.31945
-3.319
-3.31854
-3.31764
-3.31779
-3.31748
-3.31824
-3.31809
-3.31854
-3.31839
-3.31854
-3.31839
-3.31884
-3.31884
-3.32005
-3.31975
-3.32036
-3.32111
-3.32096
-3.31975
-3.31945
-3.31945
-3.32005
-3.32081
-3.32005
-3.32156
-3.32141
-3.32141
-3.32035
-3.32005
-3.32096
-3.32081
-3.32096
-3.32051
-3.319
-3.32006
-3.32051
-3.32142
-3.32202
-3.32172
-3.32157
-3.32112
-3.32111
-3.32111
-3.32141
-3.32065
-3.3208
-3.32081
-3.32172
-3.32278
-3.32324
-3.32188
-3.32218
-3.32233
-3.32232
-3.32262
-3.32323
-3.32489
-3.3252
-3.32459
-3.32399
-3.32353
-3.32277
-3.32202
-3.32247
-3.32322
-3.32292
-3.32247
-3.32322
-3.32353
-3.32323
-3.32368
-3.32278
-3.32414
-3.32414
-3.32444
-3.32489
-3.32338
-3.32277
-3.32217
-3.32202
-3.32126
-3.3199
-3.32081
-3.32142
-3.32141
-3.32187
-3.32202
-3.32202
-3.32278
-3.32293
-3.32263
-3.32308
-3.32307
-3.32307
-3.32231
-3.32322
-3.32368
-3.32353
-3.32323
-3.32293
-3.32308
-3.32293
-3.32232
-3.32263
-3.32141
-3.32186
-3.32292
-3.32428
-3.32534
-3.3258
-3.32444
-3.32459
-3.32444
-3.3255
-3.3255
-3.32535
-3.32505
-3.32535
-3.32504
-3.32383
-3.32352
-3.32322
-3.32171
-3.32156
-3.32171
-3.32157
-3.32051
-3.32036
-3.32051
-3.32006
-3.32067
-3.32052
-3.32233
-3.32172
-3.32066
-3.32141
-3.32081
-3.31991
-3.32006
-3.31946
-3.32006
-3.31975
-3.32005
-3.3199
-3.32066
-3.32066
-3.32142
-3.32112
-3.32218
-3.32142
-3.32097
-3.32021
-3.31991
-3.31961
-3.32066
-3.32021
-3.32005
-3.3196
-3.3193
-3.31976
-3.31915
-3.31961
-3.32022
-3.32112
-3.32067
-3.32173
-3.32143
-3.52104
-3.52179
-3.52255
-3.52239
-3.52224
-3.52194
-3.52194
-3.52133
-3.52027
-3.52042
-3.52012
-3.52042
-3.51816
-3.5168
-3.51665
-3.51665
-3.51695
-3.51786
-3.51831
-3.51786
-3.51756
-3.51711
-3.51741
-3.51651
-3.51741
-3.51801
-3.51786
-3.51785
-3.51664
-3.51785
-3.51816
-3.51861
-3.51846
-3.51726
-3.51801
-3.51907
-3.51967
-3.51831
-3.51921
-3.518
-3.51921
-3.51891
-3.51997
-3.52028
-3.51967
-3.52013
-3.52028
-3.52043
-3.52103
-3.52073
-3.51876
-3.51831
-3.51967
-3.52043
-3.52028
-3.52013
-3.52058
-3.52073
-3.51997
-3.52133
-3.51921
-3.51921
-3.51815
-3.51785
-3.51754
-3.51694
-3.51709
-3.51649
-3.51529
-3.51423
-3.51423
-3.51393
-3.51454
-3.51408
-3.51469
-3.51635
-3.51741
-3.5171
-3.51695
-3.51695
-3.51664
-3.51649
-3.51664
-3.51619
-3.51619
-3.51559
-3.5165
-3.51695
-3.5165
-3.5171
-3.51801
-3.51786
-3.51771
-3.51907
-3.51816
-3.5177
-3.51831
-3.51937
-3.51892
-3.51877
-3.51907
-3.51922
-3.51967
-3.51982
-3.51997
-3.51936
-3.51997
-3.51922
-3.51846
-3.52013
-3.51982
-3.51877
-3.51831
-3.51952
-3.51861
-3.51846
-3.51755
-3.51786
-3.51831
-3.51786
-3.51816
-3.51831
-3.51952
-3.51952
-3.51967
-3.51816
-3.51816
-3.51756
-3.51695
-3.51605
-3.51696
-3.5162
-3.51515
-3.51454
-3.51514
-3.51544
-3.51544
-3.51529
-3.51589
-3.51604
-3.51589
-3.51544
-3.5156
-3.51606
-3.5153
-3.51424
-3.5156
-3.51439
-3.51499
-3.51484
-3.51423
-3.51514
-3.51454
-3.51499
-3.51514
-3.51499
-3.51635
-3.5171
-3.51695
-3.51725
-3.51755
-3.51801
-3.51816
-3.51847
-3.51786
-3.51741
-3.51801
-3.51862
-3.51907
-3.51952
-3.51952
-3.52013
-3.52058
-3.51983
-3.51983
-3.51983
-3.51968
-3.51998
-3.52028
-3.51907
-3.51861
-3.51907
-3.51952
-3.51967
-3.51982
-3.52013
-3.51937
-3.51982
-3.51967
-3.51892
-3.51816
-3.51801
-3.51756
-3.51711
-3.51771
-3.51847
-3.51892
-3.51892
-3.52043
-3.51982
-3.51997
-3.52027
-3.52028
-3.52119
-3.52134
-3.52104
-3.51998
-3.51983
-3.51937
-3.51937
-3.51907
-3.51816
-3.51892
-3.51998
-3.51982
-3.51922
-3.51967
-3.51937
-3.51937
-3.51937
-3.51967
-3.51937
-3.51831
-3.51846
-3.51816
-3.51801
-3.51801
-3.51771
-3.51741
-3.51711
-3.51742
-3.51681
-3.51666
-3.51696
-3.51771
-3.51801
-3.51756
-3.51816
-3.51816
-3.51725
-3.51741
-3.51787
-3.51787
-3.51847
-3.51847
-3.51726
-3.51756
-3.51877
-3.51982
-3.52073
-3.51967
-3.51967
-3.51952
-3.51862
-3.51937
-3.51983
-3.52043
-3.51998
-3.51983
-3.51907
-3.51862
-3.51877
-3.51997
-3.51952
-3.51846
-3.51741
-3.51846
-3.51876
-3.51801
-3.51725
-3.5177
-3.51756
-3.51755
-3.51876
-3.51861
-3.51891
-3.51816
-3.5168
-3.5165
-3.51665
-3.51635
-3.51726
-3.51771
-3.51892
-3.52058
-3.52043
-3.52012
-3.52103
-3.52119
-3.52119
-3.52134
-3.52164
-3.52224
-3.52194
-3.52148
-3.52163
-3.52178
-3.52178
-3.52103
-3.52179
-3.52118
-3.52164
-3.52209
-3.52149
-3.52043
-3.52028
-3.51967
-3.52028
-3.51983
-3.51922
-3.51907
-3.51937
-3.52027
-3.51997
-3.51952
-3.51952
-3.51922
-3.51922
-3.51892
-3.51771
-3.5165
-3.51605
-3.51575
-3.51499
-3.51499
-3.5162
-3.51726
-3.51756
-3.51741
-3.51816
-3.51771
-3.51816
-3.51862
-3.51816
-3.51741
-3.51862
-3.51877
-3.51878
-3.51847
-3.51787
-3.51757
-3.51893
-3.51862
-3.51922
-3.51891
-3.51936
-3.51997
-3.51922
-3.51923
-3.51983
-3.51969
-3.52014
-3.51984
-3.52029
-3.52104
-3.52179
-3.52149
-3.52164
-3.52209
-3.52285
-3.5233
-3.52421
-3.52496
-3.52451
-3.52511
-3.52405
-3.5239
-3.52285
-3.52149
-3.52164
-3.52209
-3.52255
-3.52285
-3.52134
-3.52149
-3.52089
-3.51998
-3.52028
-3.51983
-3.51922
-3.51847
-3.51741
-3.51831
-3.51801
-3.51786
-3.51726
-3.51726
-3.51787
-3.51817
-3.51726
-3.51772
-3.51711
-3.51696
-3.51681
-3.51726
-3.51756
-3.51801
-3.51802
-3.51726
-3.51711
-3.51681
-3.51757
-3.51681
-3.51711
-3.51756
-3.51771
-3.51786
-3.51801
-3.51771
-3.51771
-3.51666
-3.5159
-3.51515
-3.51454
-3.5153
-3.5159
-3.51666
-3.51621
-3.51666
-3.51651
-3.51575
-3.5159
-3.51621
-3.51545
-3.51545
-3.51545
-3.51576
-3.51576
-3.51606
-3.51621
-3.51545
-3.51485
-3.51484
-3.5156
-3.5156
-3.51484
-3.51544
-3.51544
-3.51529
-3.51635
-3.51681
-3.51696
-3.51787
-3.51787
-3.51681
-3.51711
-3.51771
-3.51786
-3.51786
-3.51786
-3.51635
-3.51681
-3.51741
-3.51711
-3.51817
-3.51847
-3.51802
-3.51741
-3.51696
-3.51711
-3.51636
-3.51636
-3.51696
-3.51711
-3.51756
-3.51741
-3.51605
-3.51756
-3.51832
-3.51877
-3.51817
-3.51832
-3.51772
-3.51787
-3.51772
-3.51787
-3.51817
-3.51847
-3.51983
-3.51937
-3.51983
-3.51937
-3.51877
-3.51983
-3.51938
-3.51892
-3.51968
-3.52013
-3.52043
-3.52089
-3.52119
-3.52164
-3.52088
-3.52073
-3.52164
-3.52179
-3.523
-3.5227
-3.52104
-3.52074
-3.52104
-3.52104
-3.52119
-3.52043
-3.52164
-3.52194
-3.52179
-3.52149
-3.52164
-3.51998
-3.51998
-3.51908
-3.51877
-3.51983
-3.51877
-3.51862
-3.51817
-3.51847
-3.51877
-3.51892
-3.51802
-3.51787
-3.51847
-3.51696
-3.51666
-3.5159
-3.5156
-3.51605
-3.51575
-3.51606
-3.51621
-3.51621
-3.5153
-3.515
-3.51575
-3.51651
-3.51726
-3.51711
-3.5162
-3.51605
-3.51545
-3.51469
-3.51515
-3.51575
-3.5159
-3.51666
-3.51605
-3.51681
-3.51802
-3.51757
-3.51621
-3.51651
-3.51666
-3.51696
-3.51757
-3.51756
-3.51726
-3.51636
-3.5153
-3.51575
-3.51651
-3.51651
-3.5162
-3.5159
-3.51666
-3.51741
-3.51726
-3.51635
-3.51711
-3.51726
-3.51621
-3.5156
-3.5156
-3.51439
-3.51409
-3.51349
-3.51258
-3.51394
-3.51349
-3.51484
-3.51439
-3.51514
-3.5159
-3.51635
-3.51757
-3.51712
-3.51712
-3.51742
-3.51727
-3.51742
-3.51832
-3.51832
-3.51832
-3.51863
-3.51862
-3.51877
-3.51983
-3.52014
-3.5209
-3.52014
-3.51984
-3.51863
-3.51893
-3.51833
-3.51908
-3.51772
-3.51772
-3.51802
-3.51847
-3.51772
-3.51802
-3.51848
-3.51848
-3.51803
-3.51712
-3.51833
-3.51863
-3.51939
-3.51968
-3.52074
-3.5218
-3.5215
-3.52089
-3.52105
-3.51984
-3.51969
-3.51984
-3.51878
-3.51893
-3.51878
-3.51999
-3.52014
-3.52014
-3.52104
-3.51984
-3.52029
-3.52059
-3.52089
-3.52104
-3.52014
-3.51968
-3.52074
-3.52089
-3.51908
-3.51923
-3.51939
-3.51924
-3.51908
-3.51863
-3.51848
-3.51878
-3.51787
-3.51787
-3.51787
-3.51772
-3.51787
-3.51908
-3.51953
-3.51878
-3.51802
-3.51712
-3.51726
-3.51847
-3.51757
-3.51787
-3.51696
-3.51742
-3.51712
-3.51727
-3.51727
-3.51651
-3.51621
-3.51606
-3.51817
-3.51847
-3.51862
-3.51953
-3.52044
-3.52089
-3.52044
-3.52059
-3.52089
-3.52059
-3.52014
-3.51938
-3.51802
-3.51818
-3.51818
-3.51893
-3.51833
-3.51878
-3.51893
-3.51848
-3.51833
-3.51833
-3.51893
-3.51742
-3.51772
-3.51681
-3.51636
-3.51666
-3.51621
-3.51621
-3.5153
-3.51531
-3.51652
-3.51697
-3.51591
-3.51606
-3.51606
-3.51575
-3.51651
-3.51696
-3.51742
-3.51666
-3.51697
-3.51651
-3.51682
-3.51697
-3.51727
-3.51727
-3.51787
-3.51878
-3.51923
-3.51878
-3.51953
-3.52014
-3.52029
-3.52029
-3.52044
-3.51968
-3.51863
-3.51878
-3.51772
-3.51742
-3.51742
-3.51787
-3.51802
-3.51863
-3.51923
-3.51968
-3.51968
-3.51923
-3.51893
-3.52089
-3.51983
-3.51908
-3.51953
-3.51983
-3.51938
-3.52014
-3.51878
-3.51908
-3.51817
-3.51938
-3.51998
-3.51983
-3.52059
-3.51953
-3.52059
-3.52059
-3.52119
-3.5218
-3.52119
-3.52104
-3.52149
-3.52074
-3.51998
-3.51968
-3.51953
-3.51877
-3.51938
-3.51923
-3.51908
-3.52059
-3.52029
-3.51953
-3.51908
-3.51878
-3.51847
-3.51953
-3.51998
-3.51953
-3.51938
-3.51877
-3.51877
-3.51862
-3.51862
-3.51757
-3.51727
-3.51667
-3.51591
-3.51697
-3.51712
-3.51682
-3.51591
-3.515
-3.51455
-3.51409
-3.5144
-3.5144
-3.51424
-3.5147
-3.5147
-3.51394
-3.51303
-3.51198
-3.51152
-3.51334
-3.51364
-3.51409
-3.51303
-3.51349
-3.51319
-3.51379
-3.51303
-3.51213
-3.51198
-3.51138
-3.51153
-3.51168
-3.51137
-3.51077
-3.51061
-3.51046
-3.51137
-3.51076
-3.51106
-3.51031
-3.51136
-3.51152
-3.51303
-3.51363
-3.51288
-3.51349
-3.51394
-3.51349
-3.51334
-3.51394
-3.51394
-3.51379
-3.51424
-3.51394
-3.51545
-3.5156
-3.51605
-3.51621
-3.51696
-3.51666
-3.51741
-3.51696
-3.51771
-3.51832
-3.51847
-3.51771
-3.51756
-3.51651
-3.51651
-3.51545
-3.51666
-3.51741
-3.51741
-3.51696
-3.5159
-3.5159
-3.51711
-3.51696
-3.51711
-3.51726
-3.51802
-3.51832
-3.51802
-3.51832
-3.51817
-3.51983
-3.51998
-3.51937
-3.52013
-3.51892
-3.51892
-3.51877
-3.51998
-3.51953
-3.52059
-3.52089
-3.52104
-3.52089
-3.52074
-3.52104
-3.52059
-3.52028
-3.51968
-3.51877
-3.51877
-3.51907
-3.51862
-3.51908
-3.51908
-3.51787
-3.51757
-3.51757
-3.51757
-3.51862
-3.51847
-3.51922
-3.51892
-3.51922
-3.51923
-3.51892
-3.51893
-3.51847
-3.51847
-3.51757
-3.51772
-3.51757
-3.51832
-3.51907
-3.51892
-3.51831
-3.51892
-3.51937
-3.52013
-3.52029
-3.52089
-3.51953
-3.51923
-3.51923
-3.51968
-3.51983
-3.52013
-3.52044
-3.52044
-3.52149
-3.5224
-3.5221
-3.52255
-3.52225
-3.5227
-3.52301
-3.5227
-3.52361
-3.52301
-3.52422
-3.52376
-3.52361
-3.52331
-3.52286
-3.52421
-3.52285
-3.5224
-3.5215
-3.52119
-3.52195
-3.52179
-3.52149
-3.52179
-3.52209
-3.5224
-3.52209
-3.52164
-3.52194
-3.52164
-3.52074
-3.52044
-3.52059
-3.52044
-3.51908
-3.51877
-3.51938
-3.51937
-3.51937
-3.51862
-3.51786
-3.51756
-3.51681
-3.51636
-3.5162
-3.515
-3.51515
-3.51469
-3.5147
-3.51515
-3.51439
-3.51409
-3.51424
-3.51378
-3.51333
-3.51333
-3.51333
-3.51348
-3.51288
-3.51409
-3.5153
-3.51575
-3.51454
-3.51499
-3.51439
-3.51469
-3.51454
-3.51424
-3.51424
-3.34681
-3.34756
-3.34832
-3.34863
-3.34908
-3.34953
-3.35043
-3.34968
-3.34922
-3.34816
-3.34786
-3.34771
-3.34665
-3.34711
-3.34635
-3.3456
-3.3453
-3.34545
-3.3456
-3.3453
-3.3453
-3.34545
-3.34606
-3.3456
-3.34545
-3.34469
-3.3456
-3.34665
-3.34635
-3.34529
-3.34499
-3.34499
-3.3459
-3.34681
-3.34636
-3.34696
-3.34756
-3.34726
-3.34741
-3.34711
-3.34771
-3.34635
-3.34605
-3.34666
-3.3462
-3.3453
-3.34575
-3.34741
-3.34696
-3.3465
-3.34681
-3.34726
-3.34787
-3.34771
-3.34665
-3.34679
-3.34619
-3.3465
-3.34711
-3.34741
-3.34757
-3.34756
-3.34817
-3.34756
-3.34741
-3.34817
-3.34801
-3.34801
-3.34937
-3.34907
-3.34906
-3.34906
-3.34921
-3.34952
-3.34906
-3.34997
-3.35013
-3.34893
-3.34953
-3.35014
-3.34998
-3.35043
-3.35012
-3.34861
-3.34846
-3.34891
-3.34816
-3.34846
-3.34877
-3.34847
-3.34832
-3.34771
-3.34741
-3.34695
-3.34786
-3.34741
-3.34771
-3.34786
-3.34771
-3.34755
-3.3471
-3.34649
-3.34589
-3.34514
-3.34544
-3.34514
-3.3456
-3.34484
-3.34439
-3.3453
-3.3459
-3.34499
-3.34378
-3.34423
-3.34468
-3.34529
-3.34559
-3.34559
-3.34605
-3.3468
-3.34741
-3.34741
-3.34605
-3.3465
-3.34696
-3.34711
-3.34786
-3.34802
-3.34756
-3.34771
-3.34771
-3.34847
-3.34861
-3.34967
-3.34997
-3.34937
-3.34861
-3.34861
-3.34921
-3.34876
-3.34801
-3.34726
-3.34681
-3.34786
-3.34862
-3.34831
-3.34832
-3.34847
-3.34771
-3.34907
-3.34907
-3.34922
-3.35073
-3.35013
-3.35058
-3.35058
-3.35088
-3.35012
-3.34952
-3.34922
-3.34877
-3.34801
-3.34816
-3.34877
-3.34847
-3.34846
-3.34862
-3.34831
-3.34831
-3.34801
-3.34801
-3.34846
-3.34891
-3.34906
-3.34982
-3.35073
-3.35103
-3.35058
-3.35179
-3.35239
-3.35209
-3.35209
-3.35254
-3.35315
-3.3533
-3.35345
-3.35511
-3.35405
-3.3542
-3.35496
-3.35405
-3.35269
-3.35284
-3.35254
-3.35314
-3.35299
-3.35329
-3.35405
-3.35345
-3.35209
-3.35118
-3.34982
-3.34951
-3.34996
-3.35027
-3.35027
-3.35224
-3.35224
-3.35134
-3.353
-3.35239
-3.35178
-3.35284
-3.35283
-3.35283
-3.35283
-3.35299
-3.35284
-3.35314
-3.35239
-3.35178
-3.35103
-3.35224
-3.35194
-3.35088
-3.35118
-3.35148
-3.35088
-3.35148
-3.35178
-3.35224
-3.35224
-3.35164
-3.35134
-3.35179
-3.35179
-3.35194
-3.35253
-3.35283
-3.35389
-3.35329
-3.35345
-3.35269
-3.35375
-3.3536
-3.3542
-3.35405
-3.35405
-3.35375
-3.3533
-3.35345
-3.35345
-3.3539
-3.3536
-3.3536
-3.3539
-3.35405
-3.35375
-3.35345
-3.35314
-3.35269
-3.3533
-3.35269
-3.3533
-3.35269
-3.35254
-3.35375
-3.353
-3.35194
-3.35103
-3.35073
-3.35133
-3.35133
-3.35088
-3.35164
-3.35013
-3.35013
-3.35073
-3.35043
-3.35058
-3.35088
-3.35104
-3.35088
-3.35134
-3.35164
-3.35133
-3.35073
-3.35057
-3.35027
-3.34996
-3.34936
-3.34982
-3.34952
-3.34892
-3.34771
-3.34817
-3.34862
-3.34907
-3.34892
-3.34922
-3.34847
-3.34847
-3.34846
-3.3474
-3.34755
-3.3477
-3.3474
-3.3477
-3.3471
-3.34801
-3.34876
-3.34877
-3.34892
-3.34877
-3.34862
-3.34967
-3.34876
-3.34921
-3.34997
-3.35118
-3.35178
-3.35164
-3.35194
-3.35194
-3.35345
-3.35345
-3.35315
-3.35269
-3.35284
-3.35254
-3.35209
-3.35209
-3.35224
-3.35224
-3.3536
-3.3536
-3.35329
-3.35269
-3.35239
-3.35239
-3.35163
-3.35239
-3.35164
-3.35269
-3.35345
-3.3539
-3.35465
-3.35435
-3.35405
-3.35374
-3.35435
-3.35434
-3.35404
-3.35299
-3.35254
-3.35239
-3.35224
-3.35224
-3.35178
-3.35269
-3.35223
-3.35269
-3.35314
-3.35223
-3.35299
-3.35284
-3.35344
-3.3545
-3.35511
-3.35496
-3.35495
-3.35435
-3.35404
-3.35374
-3.35465
-3.35374
-3.35344
-3.35299
-3.35163
-3.35058
-3.35088
-3.35163
-3.35133
-3.35118
-3.35133
-3.35223
-3.35268
-3.35208
-3.35118
-3.35148
-3.35118
-3.35178
-3.35148
-3.35209
-3.35254
-3.35314
-3.35254
-3.35254
-3.35223
-3.35208
-3.35253
-3.35253
-3.35299
-3.35314
-3.35329
-3.35298
-3.35238
-3.35268
-3.35102
-3.35087
-3.35027
-3.34982
-3.35027
-3.35088
-3.35103
-3.35012
-3.34982
-3.35043
-3.35073
-3.35133
-3.35102
-3.35072
-3.35057
-3.34997
-3.35027
-3.35058
-3.34982
-3.34907
-3.34967
-3.34891
-3.34891
-3.35012
-3.35042
-3.34997
-3.34921
-3.34952
-3.34907
-3.34922
-3.34952
-3.34892
-3.34892
-3.34907
-3.34952
-3.35043
-3.35088
-3.35073
-3.35027
-3.34967
-3.34937
-3.34967
-3.34982
-3.34967
-3.35012
-3.35073
-3.35118
-3.35194
-3.35239
-3.35194
-3.35194
-3.35209
-3.35239
-3.35209
-3.35148
-3.35163
-3.35103
-3.35163
-3.35178
-3.35194
-3.35103
-3.35119
-3.35073
-3.35118
-3.35179
-3.35284
-3.35239
-3.35269
-3.35284
-3.35224
-3.3533
-3.353
-3.35224
-3.35269
-3.35269
-3.35239
-3.3533
-3.35239
-3.35299
-3.35299
-3.35314
-3.3539
-3.3536
-3.35375
-3.35481
-3.35572
-3.35496
-3.35375
-3.3539
-3.35421
-3.35572
-3.35556
-3.35571
-3.35541
-3.35571
-3.3548
-3.35435
-3.35451
-3.35405
-3.35481
-3.35406
-3.35421
-3.35315
-3.3527
-3.35285
-3.3533
-3.35134
-3.35028
-3.35043
-3.34952
-3.34952
-3.34997
-3.34937
-3.35012
-3.35088
-3.35012
-3.34937
-3.34816
-3.34832
-3.34922
-3.34938
-3.35043
-3.34938
-3.34862
-3.34786
-3.34771
-3.34756
-3.34771
-3.34892
-3.34892
-3.34937
-3.35013
-3.35074
-3.35225
-3.35149
-3.35103
-3.34952
-3.34952
-3.34998
-3.35043
-3.35134
-3.35134
-3.35104
-3.34938
-3.34968
-3.34937
-3.34982
-3.34997
-3.34907
-3.34907
-3.34967
-3.35119
-3.35104
-3.35134
-3.35089
-3.35195
-3.35225
-3.3521
-3.35089
-3.35104
-3.35149
-3.35119
-3.35088
-3.34983
-3.35028
-3.35119
-3.3515
-3.3515
-3.3515
-3.3518
-3.35119
-3.35149
-3.35195
-3.35225
-3.35149
-3.35104
-3.35149
-3.35104
-3.35089
-3.35044
-3.35059
-3.35135
-3.3515
-3.35104
-3.3515
-3.35089
-3.35119
-3.35225
-3.35225
-3.35285
-3.35285
-3.3527
-3.35286
-3.35195
-3.35256
-3.3521
-3.35119
-3.35119
-3.35149
-3.35134
-3.3524
-3.35225
-3.35135
-3.35165
-3.35165
-3.35301
-3.35331
-3.35301
-3.35195
-3.3524
-3.35285
-3.35436
-3.35497
-3.35512
-3.35466
-3.35557
-3.35512
-3.35436
-3.35406
-3.35513
-3.35452
-3.35453
-3.35437
-3.35513
-3.35543
-3.35512
-3.35497
-3.35331
-3.353
-3.35255
-3.3524
-3.35179
-3.35089
-3.35074
-3.35089
-3.35073
-3.35119
-3.35134
-3.34968
-3.34983
-3.34969
-3.34984
-3.34984
-3.35059
-3.35179
-3.35134
-3.35119
-3.35104
-3.35119
-3.35165
-3.35074
-3.34998
-3.35013
-3.3518
-3.3521
-3.35179
-3.35149
-3.35104
-3.35059
-3.34968
-3.34998
-3.35119
-3.35104
-3.35165
-3.35165
-3.3515
-3.3515
-3.35211
-3.35271
-3.3524
-3.35225
-3.35285
-3.35239
-3.35118
-3.35058
-3.35104
-3.34999
-3.34939
-3.34909
-3.35
-3.34999
-3.34984
-3.34969
-3.34908
-3.34908
-3.34908
-3.34923
-3.34999
-3.35044
-3.35104
-3.35135
-3.35089
-3.35029
-3.34983
-3.35119
-3.3518
-3.35104
-3.35059
-3.35089
-3.35014
-3.35044
-3.35089
-3.3518
-3.35059
-3.35044
-3.34983
-3.34983
-3.35044
-3.35044
-3.34999
-3.34999
-3.34923
-3.34802
-3.34787
-3.34772
-3.34712
-3.34848
-3.34923
-3.34984
-3.34984
-3.35014
-3.34953
-3.34908
-3.34877
-3.34802
-3.34937
-3.34968
-3.35058
-3.34998
-3.34983
-3.34968
-3.34983
-3.35074
-3.35059
-3.35044
-3.34968
-3.35014
-3.35089
-3.35028
-3.34998
-3.34968
-3.34877
-3.34847
-3.34757
-3.34893
-3.34908
-3.34923
-3.34892
-3.34877
-3.34892
-3.34938
-3.34877
-3.34877
-3.34923
-3.34877
-3.34801
-3.34816
-3.34801
-3.34756
-3.34711
-3.34771
-3.34726
-3.34696
-3.34711
-3.34907
-3.34938
-3.34892
-3.34983
-3.34877
-3.34787
-3.34741
-3.34741
-3.34847
-3.34816
-3.34771
-3.34725
-3.3471
-3.34741
-3.3468
-3.34771
-3.34771
-3.34862
-3.34953
-3.34832
-3.34832
-3.34893
-3.34877
-3.34907
-3.34997
-3.35103
-3.35088
-3.35088
-3.35164
-3.3521
-3.35134
-3.35195
-3.35149
-3.35269
-3.35239
-3.35254
-3.35208
-3.35269
-3.35345
-3.35315
-3.35361
-3.353
-3.35255
-3.3521
-3.3521
-3.3518
-3.35285
-3.35421
-3.3533
-3.3536
-3.35299
-3.35299
-3.35239
-3.35179
-3.35224
-3.35225
-3.35134
-3.3518
-3.3512
-3.35165
-3.3512
-3.35089
-3.35059
-3.34968
-3.34968
-3.34953
-3.35028
-3.34998
-3.34907
-3.34741
-3.34756
-3.34635
-3.3456
-3.3456
-3.34756
-3.34786
-3.34771
-3.34862
-3.34968
-3.34968
-3.35028
-3.35074
-3.34983
-3.35044
-3.35134
-3.3518
-3.35179
-3.35194
-3.35089
-3.35089
-3.35028
-3.35013
-3.34938
-3.34862
-3.34756
-3.34726
-3.34802
-3.34847
-3.34817
-3.34847
-3.34787
-3.34772
-3.34681
-3.34711
-3.34756
-3.34741
-3.34801
-3.34771
-3.34787
-3.34847
-3.34802
-3.34696
-3.34651
-3.34711
-3.34726
-3.34801
-3.34876
-3.34876
-3.34861
-3.34892
-3.34877
-3.34923
-3.34983
-3.35028
-3.35043
-3.35058
-3.35043
-3.35104
-3.35119
-3.35089
-3.35013
-3.35073
-3.35118
-3.35103
-3.35163
-3.35224
-3.35163
-3.35149
-3.35224
-3.35255
-3.35149
-3.35089
-3.35059
-3.35074
-3.35104
-3.35059
-3.35074
-3.35104
-3.35194
-3.35149
-3.35133
-3.35224
-3.35299
-3.35405
-3.35421
-3.3536
-3.3536
-3.35345
-3.35255
-3.35316
-3.35285
-3.35149
-3.35104
-3.35104
-3.35164
-3.35164
-3.35254
-3.35254
-3.35179
-3.35179
-3.35209
-3.35254
-3.35299
-3.35314
-3.35239
-3.35179
-3.35164
-3.35119
-3.35164
-3.35119
-3.34953
-3.34922
-3.34831
-3.34906
-3.3477
-3.34695
-3.34741
-3.34786
-3.34816
-3.34907
-3.34937
-3.35073
-3.35073
-3.35028
-3.34877
-3.34937
-3.34922
-3.34877
-3.34847
-3.34877
-3.34968
-3.34862
-3.34892
-3.34786
-3.34862
-3.34801
-3.34877
-3.34801
-3.34876
-3.34846
-3.34816
-3.34801
-3.34786
-3.34907
-3.34877
-3.34862
-3.34877
-3.34847
-3.34892
-3.34877
-3.34922
-3.34892
-3.34952
-3.34937
-3.34997
-3.35012
-3.35118
-3.35103
-3.35088
-3.40208
-3.40193
-3.40239
-3.40208
-3.40238
-3.40435
-3.40465
-3.40541
-3.40556
-3.40692
-3.40646
-3.40692
-3.40616
-3.40495
-3.40526
-3.40435
-3.4045
-3.40405
-3.40314
-3.40239
-3.40315
-3.40209
-3.40178
-3.40163
-3.40238
-3.40208
-3.40163
-3.40163
-3.40239
-3.40133
-3.40088
-3.40148
-3.40103
-3.40148
-3.40254
-3.40254
-3.40208
-3.40027
-3.40027
-3.40088
-3.40073
-3.40148
-3.40208
-3.40223
-3.40253
-3.40163
-3.40253
-3.40254
-3.40163
-3.39997
-3.40088
-3.40103
-3.40163
-3.40118
-3.40058
-3.40194
-3.40163
-3.40148
-3.39967
-3.40057
-3.40027
-3.40072
-3.40117
-3.40193
-3.40314
-3.40178
-3.40102
-3.40057
-3.40087
-3.40027
-3.40042
-3.40027
-3.39906
-3.39876
-3.39831
-3.39951
-3.39966
-3.39981
-3.40012
-3.40087
-3.40072
-3.39981
-3.39906
-3.39921
-3.39921
-3.39951
-3.39951
-3.39876
-3.40027
-3.40042
-3.40103
-3.40088
-3.40102
-3.39966
-3.40041
-3.40071
-3.40027
-3.39982
-3.39952
-3.39921
-3.398
-3.39815
-3.39891
-3.39966
-3.40011
-3.40117
-3.40193
-3.40162
-3.40208
-3.40208
-3.40208
-3.40208
-3.40177
-3.40192
-3.40162
-3.40102
-3.40147
-3.40178
-3.40148
-3.40133
-3.40238
-3.40087
-3.40102
-3.40117
-3.40208
-3.40192
-3.40041
-3.40177
-3.40253
-3.40207
-3.40237
-3.40237
-3.40313
-3.40373
-3.40404
-3.40374
-3.40299
-3.40329
-3.40284
-3.40284
-3.40314
-3.40374
-3.40268
-3.40298
-3.40253
-3.40268
-3.40192
-3.40282
-3.40267
-3.40222
-3.40283
-3.40223
-3.40208
-3.40253
-3.40223
-3.40253
-3.40299
-3.40163
-3.40299
-3.40329
-3.40419
-3.40555
-3.40646
-3.40631
-3.40706
-3.40615
-3.40585
-3.406
-3.40721
-3.40706
-3.40752
-3.40721
-3.4057
-3.40631
-3.40661
-3.40556
-3.40616
-3.40691
-3.4057
-3.40554
-3.40479
-3.40449
-3.40389
-3.40253
-3.40253
-3.40163
-3.40133
-3.39996
-3.39996
-3.40042
-3.39981
-3.39951
-3.39951
-3.39921
-3.39936
-3.39966
-3.3989
-3.39905
-3.39981
-3.3983
-3.39664
-3.39679
-3.39815
-3.3983
-3.39725
-3.3968
-3.39755
-3.39785
-3.39709
-3.39634
-3.39634
-3.39739
-3.39709
-3.3977
-3.39906
-3.39815
-3.3983
-3.398
-3.39815
-3.39784
-3.39815
-3.39755
-3.39709
-3.39649
-3.39619
-3.39588
-3.39603
-3.39739
-3.39814
-3.39739
-3.39769
-3.39724
-3.39709
-3.39604
-3.39588
-3.39709
-3.39814
-3.39754
-3.39814
-3.39966
-3.39996
-3.39951
-3.39952
-3.39997
-3.40012
-3.40072
-3.40027
-3.40011
-3.40102
-3.39996
-3.3992
-3.40041
-3.40026
-3.3992
-3.39981
-3.39905
-3.3989
-3.3986
-3.3989
-3.39936
-3.39875
-3.39951
-3.39996
-3.40102
-3.40072
-3.40056
-3.40192
-3.40222
-3.40177
-3.40192
-3.40238
-3.40283
-3.40283
-3.40359
-3.40192
-3.40207
-3.40207
-3.40237
-3.40238
-3.40208
-3.40283
-3.40268
-3.40329
-3.40314
-3.40193
-3.40223
-3.40238
-3.40208
-3.40192
-3.40223
-3.40253
-3.40268
-3.40268
-3.40344
-3.40404
-3.40389
-3.40374
-3.40314
-3.40374
-3.40404
-3.4042
-3.40404
-3.40465
-3.40434
-3.40495
-3.40465
-3.40374
-3.40359
-3.40435
-3.40344
-3.40359
-3.40208
-3.40072
-3.40087
-3.40087
-3.40057
-3.40163
-3.40147
-3.40057
-3.40072
-3.40072
-3.39981
-3.40026
-3.39966
-3.39936
-3.39996
-3.39951
-3.40042
-3.40102
-3.40133
-3.40163
-3.40238
-3.40207
-3.40146
-3.40146
-3.40147
-3.39996
-3.39996
-3.40072
-3.40057
-3.40117
-3.40056
-3.39965
-3.39966
-3.39996
-3.39981
-3.39936
-3.39876
-3.3986
-3.39845
-3.3983
-3.39935
-3.39996
-3.3998
-3.39965
-3.39935
-3.39951
-3.39845
-3.3986
-3.39815
-3.39755
-3.3977
-3.3983
-3.39935
-3.3995
-3.39996
-3.39995
-3.40011
-3.39996
-3.39966
-3.40042
-3.40072
-3.40073
-3.40057
-3.39966
-3.40026
-3.40117
-3.40132
-3.40132
-3.40192
-3.40268
-3.40252
-3.40283
-3.40223
-3.40193
-3.40193
-3.40193
-3.40147
-3.40147
-3.40056
-3.3995
-3.39996
-3.40056
-3.40223
-3.40117
-3.40133
-3.40208
-3.40193
-3.40283
-3.40283
-3.40283
-3.40283
-3.40298
-3.40238
-3.40147
-3.40087
-3.40132
-3.40072
-3.39981
-3.40072
-3.40056
-3.40071
-3.40087
-3.40132
-3.40132
-3.40087
-3.40117
-3.40087
-3.39936
-3.39875
-3.3989
-3.3986
-3.39906
-3.3986
-3.39921
-3.39936
-3.39921
-3.39936
-3.40027
-3.40027
-3.40102
-3.40042
-3.39981
-3.39966
-3.39951
-3.39966
-3.40011
-3.40162
-3.40193
-3.40117
-3.40223
-3.40284
-3.40299
-3.40329
-3.40283
-3.40208
-3.40133
-3.40073
-3.40042
-3.40012
-3.39967
-3.39891
-3.39906
-3.39936
-3.39936
-3.39981
-3.39875
-3.39951
-3.40057
-3.40012
-3.40087
-3.40102
-3.40148
-3.40193
-3.40223
-3.40132
-3.40163
-3.40117
-3.40072
-3.40147
-3.40148
-3.40042
-3.40058
-3.40058
-3.40088
-3.40088
-3.40012
-3.39936
-3.39936
-3.40027
-3.40118
-3.40163
-3.40148
-3.40163
-3.40208
-3.40238
-3.40238
-3.40208
-3.40269
-3.40299
-3.40178
-3.40208
-3.40103
-3.40057
-3.40223
-3.40268
-3.40299
-3.40359
-3.40375
-3.4039
-3.4045
-3.4042
-3.4048
-3.40435
-3.40465
-3.4045
-3.40404
-3.40359
-3.40299
-3.40314
-3.40404
-3.40404
-3.40389
-3.40465
-3.4045
-3.4039
-3.4045
-3.4045
-3.40434
-3.40343
-3.40283
-3.40298
-3.40314
-3.40239
-3.40345
-3.40315
-3.40345
-3.403
-3.40269
-3.40239
-3.40254
-3.40147
-3.40132
-3.40162
-3.40117
-3.40193
-3.40299
-3.40254
-3.40329
-3.4036
-3.4033
-3.40329
-3.40269
-3.40359
-3.40329
-3.40283
-3.40329
-3.40389
-3.4042
-3.40405
-3.40389
-3.40359
-3.40374
-3.40344
-3.40268
-3.40299
-3.40284
-3.40419
-3.40389
-3.40314
-3.40268
-3.40314
-3.40344
-3.40284
-3.40344
-3.40314
-3.40269
-3.40253
-3.40163
-3.40238
-3.40329
-3.40359
-3.40329
-3.40359
-3.4048
-3.40404
-3.40495
-3.40465
-3.4042
-3.4042
-3.40389
-3.40374
-3.40359
-3.40343
-3.40373
-3.40298
-3.40192
-3.40238
-3.40178
-3.40178
-3.40194
-3.40224
-3.40193
-3.40178
-3.40042
-3.40132
-3.40193
-3.40314
-3.40268
-3.40314
-3.40223
-3.40193
-3.40208
-3.40087
-3.40072
-3.39997
-3.39982
-3.39801
-3.398
-3.3983
-3.39876
-3.3983
-3.39921
-3.39981
-3.39951
-3.40163
-3.40072
-3.40057
-3.40133
-3.40193
-3.40208
-3.40117
-3.40148
-3.40268
-3.40117
-3.40057
-3.39981
-3.40147
-3.40163
-3.40087
-3.40117
-3.40132
-3.40117
-3.40072
-3.40132
-3.40087
-3.40057
-3.40027
-3.40042
-3.40118
-3.40148
-3.40057
-3.40118
-3.40163
-3.40012
-3.39861
-3.39966
-3.40027
-3.40057
-3.40056
-3.40072
-3.40057
-3.40027
-3.40042
-3.40027
-3.40223
-3.40284
-3.40284
-3.40344
-3.40314
-3.40284
-3.40238
-3.40314
-3.40283
-3.40268
-3.40253
-3.40238
-3.40314
-3.40178
-3.40209
-3.40209
-3.40163
-3.40163
-3.40178
-3.40178
-3.40163
-3.40087
-3.40072
-3.40072
-3.40178
-3.40193
-3.40208
-3.40163
-3.40117
-3.40148
-3.40087
-3.39967
-3.39921
-3.39876
-3.39906
-3.40027
-3.39982
-3.40088
-3.40057
-3.40012
-3.39936
-3.39951
-3.39981
-3.39966
-3.39997
-3.40102
-3.40223
-3.40193
-3.40269
-3.40238
-3.40057
-3.40147
-3.40162
-3.40132
-3.40178
-3.40193
-3.40148
-3.40072
-3.40057
-3.40042
-3.40042
-3.40162
-3.40117
-3.40072
-3.40012
-3.39981
-3.39981
-3.40087
-3.40117
-3.40147
-3.40192
-3.40298
-3.40314
-3.40223
-3.40238
-3.40148
-3.40088
-3.40163
-3.40088
-3.40088
-3.40072
-3.40087
-3.40057
-3.39996
-3.40117
-3.40102
-3.40148
-3.40178
-3.40254
-3.4036
-3.40329
-3.4036
-3.40314
-3.40314
-3.40359
-3.40419
-3.40358
-3.40328
-3.40313
-3.40268
-3.40268
-3.40193
-3.40118
-3.40057
-3.40012
-3.39936
-3.39891
-3.39966
-3.40027
-3.40102
-3.40117
-3.40102
-3.40207
-3.40207
-3.40207
-3.40207
-3.40208
-3.40193
-3.40072
-3.40072
-3.40072
-3.40118
-3.40027
-3.40057
-3.40132
-3.40041
-3.39996
-3.40011
-3.39935
-3.3983
-3.39663
-3.39724
-3.39754
-3.39845
-3.39996
-3.39966
-3.40027
-3.40042
-3.39981
-3.39906
-3.39981
-3.40011
-3.40087
-3.40056
-3.40071
-3.40056
-3.40041
-3.40072
-3.40072
-3.40057
-3.40118
-3.40163
-3.40163
-3.40056
-3.3995
-3.39965
-3.39889
-3.3992
-3.3992
-3.39966
-3.39966
-3.3992
-3.39845
-3.39845
-3.3989
-3.3989
-3.39951
-3.40026
-3.39936
-3.40057
-3.40102
-3.40056
-3.39981
-3.39995
-3.40071
-3.40086
-3.40056
-3.40086
-3.40162
-3.40147
-3.40177
-3.40101
-3.40177
-3.40253
-3.40192
-3.40147
-3.40102
-3.40147
-3.40132
-3.40162
-3.40192
-3.40162
-3.40207
-3.40207
-3.40161
-3.40086
-3.40086
-3.40041
-3.40026
-3.40162
-3.40268
-3.40222
-3.40207
-3.40207
-3.40268
-3.40268
-3.40313
-3.40389
-3.40283
-3.40238
-3.40267
-3.40252
-3.40222
-3.40252
-3.40252
-3.40267
-3.40222
-3.40283
-3.40373
-3.40434
-3.40358
-3.40494
-3.40494
-3.40509
-3.40509
-3.40373
-3.40388
-3.40494
-3.40434
-3.40343
-3.40328
-3.40313
-3.40222
-3.40192
-3.40207
-3.40101
-3.40116
-3.40086
-3.40086
-3.40086
-3.40056
-3.40071
-3.40177
-3.40087
-3.40102
-3.40056
-3.39951
-3.39905
-3.39814
-3.39754
-3.39739
-3.39724
-3.39709
-3.39633
-3.39679
-3.39724
-3.39725
-3.39573
-3.39513
-3.39558
-3.39528
-3.39603
-3.39649
-3.39604
-3.39694
-3.39785
-3.3986
-3.39935
-3.3986
-3.39875
-3.3986
-3.3983
-3.39875
-3.39996
-3.39951
-3.39906
-3.39891
-3.39966
-3.39905
-3.39845
-3.39769
-3.3983
-3.3986
-3.3989
-3.39875
-3.39981
-3.40057
-3.40102
-3.40072
-3.40041
-3.40027
-3.39921
-3.39936
-3.39906
-3.39875
-3.3989
-3.39935
-3.3986
-3.39784
-3.39815
-3.39785
-3.39815
-3.39739
-3.39694
-3.39649
-3.39618
-3.39664
-3.39603
-3.39528
-3.39528
-3.39497
-3.39573
-3.39633
-3.39618
-3.39694
-3.39634
-3.39694
-3.39815
-3.3989
-3.39845
-3.39845
-3.39905
-3.39905
-3.39996
-3.39951
-3.39921
-3.39966
-3.40042
-3.40057
-3.40042
-3.40163
-3.40193
-3.40087
-3.40117
-3.40087
-3.40057
-3.40057
-3.39951
-3.3977
-3.39815
-3.39936
-3.39966
-3.39981
-3.40027
-3.39996
-3.39981
-3.359
-3.35885
-3.3581
-3.3578
-3.35901
-3.35825
-3.35931
-3.35765
-3.3575
-3.3575
-3.35765
-3.35735
-3.35674
-3.35584
-3.35674
-3.35614
-3.35659
-3.35674
-3.3575
-3.35795
-3.3578
-3.35629
-3.35568
-3.35538
-3.35523
-3.35432
-3.35447
-3.35463
-3.35554
-3.35645
-3.3563
-3.35614
-3.35599
-3.35735
-3.3581
-3.35901
-3.35856
-3.35916
-3.35916
-3.359
-3.35779
-3.35824
-3.35855
-3.35794
-3.35719
-3.3575
-3.3572
-3.35825
-3.3581
-3.35795
-3.35795
-3.3587
-3.359
-3.35885
-3.35779
-3.35825
-3.35961
-3.35916
-3.35916
-3.35825
-3.3584
-3.3587
-3.3581
-3.35931
-3.3587
-3.35886
-3.35855
-3.35931
-3.35946
-3.35961
-3.3593
-3.35885
-3.3584
-3.35749
-3.35719
-3.35598
-3.35628
-3.35749
-3.35794
-3.3587
-3.36036
-3.36157
-3.36172
-3.36172
-3.36263
-3.36263
-3.36217
-3.36081
-3.36021
-3.36021
-3.35885
-3.359
-3.35764
-3.35764
-3.35779
-3.3581
-3.35794
-3.35809
-3.35915
-3.35885
-3.35976
-3.35961
-3.36112
-3.36217
-3.36187
-3.36172
-3.36172
-3.36172
-3.36142
-3.36203
-3.36187
-3.36263
-3.36384
-3.36384
-3.36459
-3.36504
-3.36459
-3.36429
-3.36504
-3.36489
-3.3655
-3.36535
-3.36459
-3.36535
-3.36565
-3.36656
-3.3655
-3.3655
-3.36475
-3.3655
-3.3655
-3.3661
-3.36534
-3.36566
-3.36581
-3.36642
-3.36581
-3.36535
-3.36444
-3.36262
-3.36172
-3.36096
-3.36021
-3.35976
-3.35976
-3.36021
-3.36082
-3.36096
-3.36217
-3.36232
-3.36126
-3.36021
-3.3596
-3.35945
-3.3596
-3.35975
-3.35825
-3.35734
-3.35704
-3.35688
-3.35628
-3.35703
-3.35703
-3.35823
-3.35884
-3.3596
-3.36096
-3.36006
-3.3596
-3.35991
-3.36051
-3.36096
-3.36126
-3.36186
-3.36262
-3.36247
-3.36232
-3.36292
-3.36217
-3.36157
-3.36172
-3.36232
-3.36111
-3.36141
-3.36081
-3.3602
-3.35975
-3.3602
-3.3605
-3.36141
-3.36141
-3.36141
-3.36247
-3.36292
-3.36323
-3.36247
-3.36217
-3.36232
-3.36111
-3.36081
-3.36066
-3.36021
-3.36066
-3.36172
-3.36096
-3.36081
-3.36096
-3.36081
-3.36156
-3.36217
-3.36232
-3.36111
-3.36096
-3.3605
-3.36066
-3.36201
-3.36277
-3.36277
-3.36232
-3.36232
-3.36187
-3.36262
-3.36187
-3.36278
-3.36248
-3.36233
-3.36247
-3.36202
-3.3611
-3.3608
-3.36051
-3.36111
-3.36172
-3.36202
-3.36141
-3.36172
-3.36156
-3.36232
-3.36171
-3.36066
-3.36065
-3.36035
-3.3605
-3.3599
-3.35929
-3.35869
-3.35945
-3.3596
-3.359
-3.36081
-3.36126
-3.36172
-3.3602
-3.36066
-3.36035
-3.3596
-3.3602
-3.36096
-3.36035
-3.36096
-3.36156
-3.36201
-3.36262
-3.36156
-3.36096
-3.36035
-3.3605
-3.3605
-3.36156
-3.36096
-3.36081
-3.36081
-3.36202
-3.36217
-3.36232
-3.36262
-3.36277
-3.36232
-3.36323
-3.36277
-3.36081
-3.36141
-3.36157
-3.36202
-3.36142
-3.36112
-3.36051
-3.3596
-3.35975
-3.36036
-3.36111
-3.36096
-3.36126
-3.36126
-3.36217
-3.36263
-3.36293
-3.36263
-3.36232
-3.36247
-3.36278
-3.36187
-3.36217
-3.36247
-3.36157
-3.36233
-3.36263
-3.36263
-3.36157
-3.36172
-3.36187
-3.36187
-3.36172
-3.36157
-3.36217
-3.36232
-3.36187
-3.36187
-3.36172
-3.36157
-3.36142
-3.36157
-3.36066
-3.36021
-3.35991
-3.36126
-3.36217
-3.36081
-3.36126
-3.36141
-3.36096
-3.36111
-3.36217
-3.36292
-3.36111
-3.36126
-3.36126
-3.36247
-3.36172
-3.36142
-3.36096
-3.36051
-3.36217
-3.36172
-3.36217
-3.36247
-3.36187
-3.36202
-3.36217
-3.36247
-3.36187
-3.36293
-3.36203
-3.36187
-3.36096
-3.36066
-3.36111
-3.36156
-3.36111
-3.36231
-3.36232
-3.36337
-3.36292
-3.36323
-3.36444
-3.36383
-3.36262
-3.36368
-3.36307
-3.36398
-3.36398
-3.36292
-3.36262
-3.36247
-3.36277
-3.36202
-3.36156
-3.36126
-3.36157
-3.36005
-3.3599
-3.35975
-3.3599
-3.36019
-3.36019
-3.36019
-3.36065
-3.36171
-3.36202
-3.36172
-3.36217
-3.36247
-3.36187
-3.36171
-3.36171
-3.36095
-3.36186
-3.36141
-3.3608
-3.36141
-3.36172
-3.36156
-3.36277
-3.36247
-3.36307
-3.36383
-3.36307
-3.36413
-3.36367
-3.36352
-3.36443
-3.36519
-3.36609
-3.36625
-3.36564
-3.36503
-3.36443
-3.36443
-3.36473
-3.36428
-3.36353
-3.36429
-3.36459
-3.36353
-3.36308
-3.36202
-3.36293
-3.36293
-3.36277
-3.36397
-3.36352
-3.36457
-3.36503
-3.36428
-3.36383
-3.36353
-3.36353
-3.36383
-3.36323
-3.36323
-3.36383
-3.36398
-3.36353
-3.36398
-3.36458
-3.36443
-3.36413
-3.36383
-3.36307
-3.36262
-3.36246
-3.36292
-3.36383
-3.36383
-3.36322
-3.36247
-3.36187
-3.36156
-3.36156
-3.36156
-3.36171
-3.36065
-3.36126
-3.36126
-3.36187
-3.36278
-3.36202
-3.36111
-3.36036
-3.36051
-3.36096
-3.36126
-3.36171
-3.36232
-3.36217
-3.36278
-3.36263
-3.36277
-3.36262
-3.36337
-3.36443
-3.36534
-3.36488
-3.36398
-3.36308
-3.36247
-3.36277
-3.36338
-3.36489
-3.36443
-3.36383
-3.36323
-3.36217
-3.36187
-3.36156
-3.36141
-3.36111
-3.3608
-3.36141
-3.36186
-3.36216
-3.36156
-3.36081
-3.36111
-3.36126
-3.36141
-3.36111
-3.36232
-3.36217
-3.36232
-3.36262
-3.36172
-3.36126
-3.36095
-3.36111
-3.36065
-3.36065
-3.36035
-3.36035
-3.3599
-3.35975
-3.3596
-3.3602
-3.359
-3.35975
-3.35869
-3.359
-3.35779
-3.35809
-3.35855
-3.35824
-3.35854
-3.35839
-3.35854
-3.35839
-3.35854
-3.35869
-3.35809
-3.359
-3.35945
-3.35884
-3.36035
-3.3605
-3.36126
-3.36096
-3.36036
-3.36021
-3.36066
-3.36066
-3.36157
-3.36187
-3.36157
-3.36141
-3.36051
-3.36111
-3.36262
-3.36247
-3.36247
-3.36171
-3.36231
-3.36262
-3.36262
-3.36231
-3.36216
-3.36201
-3.36216
-3.36126
-3.36081
-3.36005
-3.36066
-3.35975
-3.35945
-3.35839
-3.35839
-3.35748
-3.35628
-3.35658
-3.35658
-3.35733
-3.35627
-3.35763
-3.35763
-3.35702
-3.35703
-3.35778
-3.35824
-3.35824
-3.35899
-3.3596
-3.36051
-3.35945
-3.35944
-3.35929
-3.35869
-3.35718
-3.35642
-3.35612
-3.35657
-3.35507
-3.35612
-3.35658
-3.35839
-3.35793
-3.35733
-3.35793
-3.35808
-3.35869
-3.35854
-3.35869
-3.35824
-3.3593
-3.35975
-3.36006
-3.36096
-3.36127
-3.36081
-3.36156
-3.36095
-3.36035
-3.35974
-3.36019
-3.3602
-3.3602
-3.3596
-3.3593
-3.359
-3.35794
-3.35854
-3.35885
-3.35945
-3.35794
-3.35794
-3.35854
-3.35854
-3.35854
-3.35854
-3.35794
-3.35763
-3.35687
-3.35627
-3.35581
-3.35551
-3.35627
-3.35642
-3.35567
-3.35537
-3.35552
-3.35537
-3.35598
-3.35643
-3.35552
-3.35537
-3.35582
-3.35642
-3.35657
-3.35687
-3.35657
-3.35733
-3.35869
-3.3587
-3.35809
-3.35885
-3.35915
-3.36005
-3.36065
-3.35959
-3.3611
-3.3611
-3.36065
-3.36171
-3.36247
-3.36277
-3.36323
-3.36277
-3.36171
-3.36232
-3.36262
-3.36111
-3.36156
-3.36171
-3.36141
-3.36111
-3.36156
-3.36111
-3.3605
-3.36111
-3.36141
-3.36141
-3.36051
-3.36036
-3.36006
-3.35961
-3.35946
-3.35915
-3.3599
-3.3599
-3.3596
-3.36005
-3.35945
-3.35899
-3.35824
-3.35733
-3.35703
-3.35627
-3.35673
-3.35613
-3.35718
-3.35703
-3.35688
-3.35643
-3.35778
-3.35809
-3.35884
-3.35809
-3.35764
-3.35749
-3.35673
-3.35643
-3.35628
-3.35703
-3.35809
-3.35869
-3.35839
-3.35778
-3.35748
-3.35733
-3.35854
-3.35839
-3.35825
-3.35915
-3.35991
-3.3602
-3.35945
-3.3599
-3.3605
-3.3605
-3.3599
-3.36035
-3.36126
-3.36141
-3.36202
-3.36262
-3.36444
-3.36444
-3.36353
-3.36383
-3.36353
-3.36353
-3.36338
-3.36293
-3.36353
-3.36368
-3.36353
-3.36413
-3.36458
-3.36428
-3.36458
-3.36428
-3.36413
-3.36459
-3.36519
-3.3655
-3.36565
-3.36383
-3.36353
-3.36232
-3.36232
-3.36338
-3.36353
-3.36414
-3.36399
-3.36399
-3.36353
-3.36489
-3.36534
-3.36398
-3.36413
-3.36444
-3.36489
-3.36549
-3.36444
-3.36413
-3.36444
-3.36444
-3.36459
-3.36429
-3.36338
-3.36444
-3.36444
-3.36444
-3.36413
-3.36368
-3.36323
-3.36383
-3.36338
-3.36232
-3.36368
-3.36399
-3.36414
-3.36459
-3.36611
-3.3652
-3.36444
-3.36429
-3.36414
-3.36429
-3.36505
-3.36459
-3.36459
-3.36489
-3.36489
-3.36399
-3.36369
-3.36324
-3.36309
-3.36339
-3.36399
-3.3646
-3.3649
-3.36414
-3.36414
-3.36444
-3.36505
-3.36369
-3.36429
-3.36414
-3.36535
-3.36535
-3.36626
-3.36611
-3.36581
-3.36536
-3.36611
-3.36581
-3.36535
-3.36445
-3.36444
-3.3649
-3.36429
-3.36444
-3.36414
-3.36415
-3.36369
-3.36294
-3.36248
-3.36324
-3.36354
-3.36384
-3.36354
-3.36369
-3.36384
-3.36354
-3.36354
-3.36338
-3.36248
-3.36279
-3.36309
-3.36264
-3.36097
-3.36187
-3.36096
-3.36067
-3.36006
-3.35961
-3.35976
-3.35855
-3.35931
-3.35886
-3.35916
-3.36097
-3.36052
-3.36052
-3.36067
-3.36113
-3.36113
-3.36098
-3.36113
-3.36113
-3.36143
-3.36082
-3.35992
-3.35961
-3.35961
-3.35961
-3.35885
-3.3593
-3.3587
-3.35764
-3.3578
-3.35855
-3.3584
-3.3587
-3.35885
-3.35824
-3.35855
-3.3581
-3.3581
-3.35855
-3.35916
-3.35885
-3.35976
-3.35855
-3.35809
-3.35855
-3.35855
-3.3584
-3.35824
-3.35719
-3.35749
-3.35704
-3.35764
-3.35765
-3.35749
-3.35674
-3.35764
-3.35719
-3.35749
-3.35809
-3.35794
-3.3581
-3.35915
-3.35855
-3.35825
-3.35658
-3.35613
-3.35734
-3.35794
-3.35854
-3.35779
-3.35809
-3.35825
-3.35946
-3.35976
-3.36021
-3.35976
-3.36006
-3.36021
-3.36051
-3.3593
-3.35975
-3.3602
-3.3605
-3.36081
-3.36051
-3.36141
-3.36172
-3.36202
-3.36157
-3.36233
-3.36353
-3.36353
-3.36323
-3.36383
-3.36338
-3.36428
-3.36428
-3.36338
-3.36293
-3.36232
-3.36142
-3.36127
-3.36127
-3.36112
-3.35991
-3.36036
-3.36006
-3.35885
-3.35915
-3.359
-3.3599
-3.36051
-3.35975
-3.36051
-3.36021
-3.36172
-3.36096
-3.36157
-3.36157
-3.36111
-3.36096
-3.36081
-3.36021
-3.35975
-3.3593
-3.3587
-3.35945
-3.3587
-3.35824
-3.35734
-3.35749
-3.35839
-3.35824
-3.35975
-3.35945
-3.35961
-3.3593
-3.359
-3.36021
-3.36051
-3.36066
-3.36066
