-6.36346
-6.35902
-6.35129
-6.33996
-6.32371
-6.30168
-6.27409
-6.23853
-6.19793
-6.14991
-6.09477
-6.03058
-5.96181
-5.88663
-5.809
-5.7308
-5.65859
-5.59496
-5.54257
-5.50387
-5.47821
-5.46648
-5.46623
-5.47219
-5.48615
-5.50339
-5.52109
-5.53929
-5.55489
-5.56874
-5.5796
-5.58818
-5.5947
-5.59897
-5.60122
-5.60293
-5.60348
-5.60221
-5.60074
-5.5989
-5.59364
-5.58729
-5.57675
-5.56476
-5.55112
-5.53638
-5.52183
-5.50784
-5.495
-5.48581
-5.48062
-5.47785
-5.47842
-5.4825
-5.48917
-5.49789
-5.50758
-5.51725
-5.52638
-5.53422
-5.53931
-5.54284
-5.54497
-5.54491
-5.54282
-5.5402
-5.5369
-5.53392
-5.5317
-5.53047
-5.53102
-5.53312
-5.53784
-5.54402
-5.55084
-5.55827
-5.56553
-5.57078
-5.57637
-5.57956
-5.58283
-5.58513
-5.58756
-5.58919
-5.592
-5.59391
-5.59648
-5.59996
-5.60272
-5.6049
-5.60549
-5.6059
-5.60466
-5.60194
-5.59926
-5.59774
-5.59405
-5.59048
-5.58773
-5.58544
-5.58437
-5.58415
-5.5847
-5.58419
-5.58369
-5.58217
-5.58046
-5.57627
-5.57185
-5.56624
-5.56067
-5.55438
-5.54598
-5.53631
-5.52421
-5.51229
-5.49935
-5.48727
-5.47494
-5.4662
-5.45999
-5.45604
-5.45555
-5.45706
-5.46083
-5.46488
-5.46959
-5.47347
-5.4774
-5.48205
-5.48688
-5.49158
-5.497
-5.50298
-5.50954
-5.51725
-5.52469
-5.53209
-5.53816
-5.54317
-5.54807
-5.55247
-5.55627
-5.56075
-5.56437
-5.56724
-5.56839
-5.56925
-5.5681
-5.56628
-5.56421
-5.56023
-5.5557
-5.55379
-5.55204
-5.55353
-5.55762
-5.56524
-5.57655
-5.58931
-5.60337
-5.61878
-5.6329
-5.64381
-5.652
-5.65661
-5.65778
-5.65573
-5.65165
-5.64547
-5.63701
-5.62847
-5.62021
-5.61306
-5.60699
-5.60268
-5.6011
-5.60018
-5.59906
-5.59976
-5.60061
-5.60133
-5.60173
-5.60131
-5.60064
-5.59935
-5.59749
-5.5953
-5.59316
-5.59148
-5.58994
-5.59194
-5.59453
-5.59842
-5.60369
-5.60942
-5.61577
-5.62137
-5.62574
-5.62885
-5.63014
-5.63073
-5.63064
-5.63024
-5.62793
-5.62642
-5.62594
-5.62676
-5.62724
-5.62801
-5.62917
-5.62968
-5.63048
-5.63086
-5.62915
-5.62783
-5.62497
-5.62203
-5.61815
-5.61429
-5.6108
-5.60702
-5.60277
-5.59949
-5.59578
-5.59083
-5.58362
-5.57588
-5.56813
-5.56027
-5.55413
-5.5504
-5.54911
-5.54882
-5.55032
-5.55147
-5.55425
-5.55867
-5.56266
-5.56854
-5.57698
-5.58897
-5.60286
-5.61681
-5.63174
-5.64499
-5.65637
-5.66478
-5.66893
-5.67017
-5.66693
-5.66002
-5.65141
-5.64005
-5.62842
-5.61725
-5.60691
-5.59871
-5.59197
-5.58571
-5.58115
-5.57748
-5.57556
-5.57508
-5.57599
-5.57794
-5.58082
-5.58388
-5.58801
-5.59033
-5.5921
-5.5927
-5.59468
-5.59562
-5.59768
-5.60319
-5.61023
-5.6175
-5.62554
-5.63264
-5.63955
-5.64422
-5.64751
-5.64833
-5.64912
-5.64854
-5.64573
-5.63996
-5.63281
-5.62528
-5.61575
-5.60586
-5.59556
-5.58443
-5.57421
-5.56459
-5.55758
-5.55122
-5.54564
-5.54237
-5.54006
-5.53818
-5.5371
-5.53732
-5.53967
-5.54333
-5.54828
-5.55476
-5.56185
-5.56755
-5.57148
-5.57459
-5.57786
-5.58181
-5.58658
-5.59284
-5.60188
-5.60937
-5.61409
-5.61415
-5.61083
-5.60614
-5.59995
-5.59376
-5.59072
-5.58951
-5.59082
-5.5937
-5.59879
-5.60406
-5.60941
-5.61289
-5.61416
-5.61293
-5.60927
-5.60352
-5.59626
-5.58908
-5.58272
-5.57514
-5.57087
-5.56652
-5.5656
-5.56557
-5.56766
-5.57163
-5.57722
-5.58232
-5.58901
-5.59647
-5.60274
-5.60859
-5.61391
-5.61809
-5.62026
-5.62214
-5.6227
-5.62301
-5.62215
-5.6206
-5.61864
-5.61754
-5.6164
-5.61539
-5.61419
-5.61207
-5.61014
-5.60646
-5.60134
-5.59488
-5.5867
-5.57744
-5.56763
-5.55823
-5.5481
-5.53828
-5.52835
-5.51682
-5.50506
-5.4916
-5.4777
-5.4626
-5.44693
-5.43412
-5.42624
-5.42414
-5.4281
-5.43735
-5.45138
-5.46728
-5.48441
-5.50239
-5.51916
-5.53452
-5.54694
-5.55628
-5.5628
-5.56677
-5.56832
-5.5678
-5.56603
-5.56484
-5.56194
-5.56069
-5.5584
-5.55577
-5.55205
-5.54734
-5.54299
-5.53784
-5.53406
-5.52997
-5.52696
-5.52646
-5.52756
-5.52897
-5.53082
-5.53213
-5.53309
-5.5323
-5.53123
-5.53025
-5.52968
-5.5309
-5.53401
-5.53788
-5.54328
-5.54913
-5.55317
-5.55596
-5.55647
-5.5545
-5.55028
-5.54341
-5.53523
-5.5255
-5.51613
-5.50696
-5.49941
-5.49415
-5.49299
-5.4965
-5.5039
-5.51479
-5.52868
-5.54309
-5.55662
-5.56883
-5.57878
-5.58638
-5.59102
-5.59314
-5.59201
-5.58815
-5.58236
-5.57195
-5.55958
-5.54641
-5.53265
-5.52081
-5.51146
-5.50402
-5.5011
-5.50175
-5.50453
-5.50867
-5.51483
-5.52093
-5.52738
-5.53398
-5.53972
-5.54536
-5.55047
-5.55561
-5.55953
-5.56362
-5.56728
-5.56993
-5.57295
-5.574
-5.5743
-5.57362
-5.57324
-5.57125
-5.56843
-5.56473
-5.56098
-5.55594
-5.54979
-5.54332
-5.53628
-5.52934
-5.5243
-5.51988
-5.51799
-5.51693
-5.51805
-5.51972
-5.52275
-5.52632
-5.52916
-5.53076
-5.52982
-5.5268
-5.52237
-5.51627
-5.50996
-5.50369
-5.50032
-5.49959
-5.50321
-5.50861
-5.51687
-5.52691
-5.53876
-5.54999
-5.55967
-5.56773
-5.57493
-5.57979
-5.58055
-5.57912
-5.57484
-5.56719
-5.55689
-5.54425
-5.52813
-5.51071
-5.49303
-5.47459
-5.45805
-5.44395
-5.43357
-5.42702
-5.42643
-5.43006
-5.438
-5.44873
-5.46283
-5.47791
-5.49395
-5.51001
-5.52673
-5.54111
-5.55257
-5.56188
-5.5682
-5.57305
-5.57347
-5.57191
-5.56721
-5.56128
-5.55443
-5.54754
-5.54105
-5.53552
-5.53364
-5.53374
-5.53592
-5.54098
-5.54799
-5.55702
-5.56597
-5.57447
-5.58086
-5.58593
-5.58874
-5.59074
-5.59064
-5.58996
-5.58832
-5.58689
-5.58576
-5.58558
-5.58639
-5.58884
-5.59205
-5.59492
-5.59746
-5.5992
-5.59983
-5.59883
-5.5946
-5.58692
-5.5767
-5.56458
-5.5496
-5.5339
-5.51753
-5.50205
-5.48754
-5.47487
-5.46504
-5.45822
-5.45406
-5.4515
-5.4512
-5.45124
-5.45204
-5.45389
-5.45613
-5.45701
-5.45788
-5.46124
-5.4634
-5.46517
-5.46801
-5.47046
-5.47232
-5.47445
-5.47576
-5.47708
-5.47691
-5.4773
-5.47598
-5.4752
-5.47418
-5.4729
-5.47279
-5.47358
-5.47453
-5.47662
-5.48149
-5.48885
-5.49852
-5.50817
-5.51946
-5.53101
-5.54176
-5.55089
-5.55922
-5.56678
-5.57337
-5.57975
-5.5861
-5.5928
-5.5984
-5.60282
-5.60685
-5.60998
-5.61275
-5.61537
-5.61735
-5.61665
-5.61532
-5.61284
-5.60968
-5.60502
-5.59758
-5.58954
-5.5802
-5.57211
-5.56416
-5.5575
-5.55279
-5.55026
-5.54797
-5.54814
-5.54826
-5.55087
-5.55417
-5.55822
-5.5634
-5.56735
-5.57029
-5.57034
-5.57009
-5.56916
-5.56644
-5.5647
-5.56374
-5.56431
-5.56578
-5.5696
-5.57325
-5.57709
-5.57989
-5.58014
-5.57877
-5.57604
-5.57109
-5.5631
-5.55449
-5.54677
-5.54046
-5.53593
-5.53589
-5.53727
-5.54126
-5.54455
-5.54376
-5.53855
-5.52847
-5.51341
-5.49587
-5.47798
-5.46263
-5.45421
-5.44969
-5.44936
-5.45506
-5.46249
-5.47353
-5.48561
-5.49765
-5.50994
-5.51998
-5.52927
-5.53391
-5.53614
-5.53416
-5.52914
-5.5232
-5.51807
-5.51443
-5.51268
-5.51083
-5.50909
-5.50826
-5.50742
-5.50737
-5.5061
-5.50539
-5.50397
-5.50342
-5.50092
-5.49733
-5.49223
-5.48579
-5.47985
-5.47287
-5.46723
-5.46374
-5.46288
-5.46432
-5.46798
-5.47385
-5.48172
-5.48943
-5.49798
-5.50503
-5.51325
-5.52274
-5.5327
-5.54246
-5.55226
-5.56166
-5.57175
-5.58024
-5.58805
-5.59233
-5.59442
-5.59385
-5.59013
-5.58405
-5.57655
-5.56718
-5.55597
-5.54547
-5.53554
-5.52839
-5.52321
-5.52248
-5.52447
-5.52982
-5.53789
-5.54704
-5.55798
-5.56957
-5.57874
-5.5871
-5.59326
-5.59668
-5.59689
-5.595
-5.58976
-5.58301
-5.57441
-5.56494
-5.55626
-5.54926
-5.54518
-5.54364
-5.54464
-5.5478
-5.55069
-5.55182
-5.55182
-5.54727
-5.53994
-5.53015
-5.51776
-5.50629
-5.49677
-5.48878
-5.48414
-5.48112
-5.47944
-5.47759
-5.47794
-5.47894
-5.47959
-5.47941
-5.47701
-5.47306
-5.46548
-5.45784
-5.45163
-5.44736
-5.44603
-5.44746
-5.45114
-5.45764
-5.46394
-5.46808
-5.47039
-5.47082
-5.46901
-5.46554
-5.46403
-5.46372
-5.46528
-5.4705
-5.47942
-5.49081
-5.50569
-5.52132
-5.53994
-5.55949
-5.57778
-5.59585
-5.61278
-5.62524
-5.63547
-5.64125
-5.64292
-5.64036
-5.63394
-5.62571
-5.61361
-5.6018
-5.59026
-5.57894
-5.56915
-5.56219
-5.55754
-5.55271
-5.54909
-5.54488
-5.54044
-5.53594
-5.52989
-5.52248
-5.5156
-5.50945
-5.50416
-5.50003
-5.49746
-5.49784
-5.49965
-5.50294
-5.50742
-5.51255
-5.51846
-5.52556
-5.53358
-5.54187
-5.55036
-5.56141
-5.57309
-5.58544
-5.59551
-5.60459
-5.61112
-5.6146
-5.61439
-5.61199
-5.60704
-5.60086
-5.5919
-5.58416
-5.57604
-5.56793
-5.56061
-5.55459
-5.55039
-5.54813
-5.54635
-5.54503
-5.54437
-5.54329
-5.54097
-5.53781
-5.53268
-5.52903
-5.52674
-5.52803
-5.53351
-5.54166
-5.55255
-5.56268
-5.57127
-5.57731
-5.58082
-5.58313
-5.58371
-5.58273
-5.58184
-5.58027
-5.58095
-5.58224
-5.58385
-5.58499
-5.58634
-5.5866
-5.58583
-5.58296
-5.57815
-5.57016
-5.55904
-5.5454
-5.53066
-5.51325
-5.49518
-5.4796
-5.4678
-5.46009
-5.45801
-5.46253
-5.47062
-5.48123
-5.49368
-5.50557
-5.51603
-5.52491
-5.53203
-5.53789
-5.54261
-5.54764
-5.55453
-5.56071
-5.56712
-5.57332
-5.578
-5.58154
-5.58257
-5.5825
-5.58085
-5.57722
-5.57305
-5.56789
-5.5618
-5.55503
-5.54634
-5.53656
-5.52751
-5.51899
-5.5121
-5.50932
-5.50912
-5.51294
-5.52003
-5.52876
-5.53933
-5.55033
-5.55958
-5.56689
-5.57246
-5.5751
-5.57357
-5.57049
-5.56513
-5.55933
-5.55266
-5.54758
-5.54277
-5.53762
-5.53402
-5.52938
-5.52422
-5.51762
-5.5088
-5.49883
-5.48747
-5.47637
-5.46504
-5.45664
-5.45008
-5.44611
-5.44489
-5.4455
-5.44872
-5.45565
-5.46515
-5.47702
-5.49207
-5.51019
-5.52842
-5.54763
-5.56261
-5.5641
-5.58067
-5.58487
-5.57894
-5.56233
-5.53765
-5.50614
-5.46908
-5.42824
-5.38677
-5.34566
-5.30655
-5.27322
-5.24807
-5.2326
-5.2274
-5.22939
-5.23608
-5.24445
-5.24803
-5.24711
-5.24081
-5.22893
-5.2139
-5.1979
-5.18534
-5.18061
-5.18588
-5.20226
-5.22575
-5.25361
-5.2805
-5.30274
-5.31953
-5.32723
-5.32612
-5.31714
-5.30179
-5.28107
-5.25782
-5.23662
-5.21903
-5.20751
-5.20254
-5.20276
-5.20872
-5.21844
-5.22942
-5.23913
-5.24648
-5.24913
-5.24661
-5.23974
-5.23299
-5.22878
-5.22799
-5.22959
-5.23339
-5.23952
-5.24584
-5.25477
-5.26444
-5.27403
-5.28093
-5.28673
-5.28989
-5.29191
-5.29234
-5.28951
-5.28393
-5.27408
-5.25921
-5.23877
-5.21502
-5.19283
-5.17478
-5.16577
-5.16294
-5.16572
-5.17108
-5.17658
-5.18126
-5.18287
-5.18159
-5.17658
-5.16723
-5.15206
-5.13122
-5.10732
-5.08402
-5.0629
-5.05067
-5.04947
-5.06221
-5.08641
-5.11652
-5.14893
-5.17776
-5.1969
-5.20802
-5.21113
-5.20766
-5.19965
-5.19149
-5.18402
-5.18372
-5.18984
-5.20406
-5.22297
-5.24481
-5.26685
-5.28574
-5.29887
-5.30362
-5.30157
-5.29255
-5.27774
-5.25907
-5.24197
-5.2255
-5.21159
-5.20231
-5.19545
-5.19056
-5.1876
-5.18521
-5.18262
-5.17995
-5.1766
-5.17286
-5.16997
-5.16858
-5.1685
-5.17239
-5.18037
-5.19057
-5.20094
-5.21028
-5.21727
-5.22084
-5.2219
-5.22026
-5.2162
-5.21093
-5.20388
-5.19733
-5.19102
-5.18651
-5.18663
-5.19149
-5.19941
-5.21058
-5.22526
-5.24026
-5.25436
-5.26711
-5.27415
-5.27319
-5.26248
-5.24307
-5.21967
-5.19622
-5.17744
-5.16902
-5.1703
-5.17604
-5.18277
-5.18569
-5.18202
-5.17091
-5.15529
-5.13623
-5.11336
-5.093
-5.07607
-5.06483
-5.06026
-5.06405
-5.07465
-5.08938
-5.10835
-5.12938
-5.14998
-5.16962
-5.18359
-5.19283
-5.19961
-5.20243
-5.20312
-5.20324
-5.2049
-5.20829
-5.21411
-5.22062
-5.22708
-5.233
-5.23715
-5.23869
-5.23834
-5.23692
-5.23709
-5.23688
-5.23797
-5.24092
-5.24344
-5.24567
-5.24624
-5.24346
-5.23726
-5.2313
-5.22508
-5.22294
-5.22494
-5.22945
-5.23525
-5.23795
-5.23711
-5.22996
-5.21782
-5.20024
-5.17993
-5.15936
-5.14268
-5.13112
-5.12765
-5.13373
-5.14764
-5.16822
-5.19264
-5.2164
-5.23954
-5.25841
-5.2722
-5.27989
-5.28101
-5.27529
-5.26451
-5.25097
-5.23591
-5.21928
-5.20344
-5.19279
-5.18906
-5.19393
-5.20796
-5.22814
-5.24839
-5.26803
-5.28188
-5.28911
-5.2896
-5.28775
-5.28746
-5.28989
-5.29751
-5.31054
-5.32817
-5.34571
-5.36042
-5.36825
-5.36929
-5.36144
-5.34601
-5.32628
-5.30401
-5.28111
-5.25956
-5.24327
-5.23109
-5.22206
-5.21651
-5.21351
-5.21411
-5.21757
-5.22377
-5.23097
-5.23588
-5.23466
-5.2279
-5.21211
-5.18951
-5.16372
-5.1375
-5.1126
-5.09321
-5.08123
-5.07932
-5.08534
-5.0995
-5.12121
-5.14756
-5.17532
-5.2013
-5.22352
-5.24018
-5.25139
-5.25728
-5.25805
-5.25497
-5.24651
-5.23643
-5.22485
-5.21278
-5.20293
-5.19405
-5.18986
-5.19022
-5.19576
-5.20637
-5.21983
-5.23542
-5.24896
-5.25951
-5.26428
-5.26255
-5.25434
-5.24048
-5.22231
-5.20436
-5.18591
-5.17266
-5.16557
-5.16409
-5.1643
-5.1641
-5.16251
-5.15972
-5.15666
-5.15544
-5.15783
-5.16129
-5.16578
-5.16762
-5.16829
-5.16438
-5.15798
-5.14957
-5.14219
-5.13754
-5.13786
-5.14247
-5.14949
-5.15717
-5.16362
-5.16727
-5.16833
-5.16681
-5.16321
-5.15693
-5.15196
-5.14789
-5.14732
-5.14833
-5.15074
-5.15448
-5.15864
-5.16121
-5.16073
-5.15758
-5.15198
-5.1458
-5.14122
-5.13923
-5.14236
-5.14866
-5.15693
-5.16758
-5.17877
-5.18764
-5.19554
-5.20246
-5.20763
-5.20954
-5.20845
-5.2041
-5.19586
-5.18757
-5.18115
-5.17765
-5.179
-5.18434
-5.19264
-5.20035
-5.20813
-5.21511
-5.22088
-5.22455
-5.22873
-5.23107
-5.23297
-5.23303
-5.23312
-5.23032
-5.2285
-5.22564
-5.22276
-5.22042
-5.22027
-5.22101
-5.22321
-5.22732
-5.23268
-5.23679
-5.24187
-5.24672
-5.25125
-5.25632
-5.25933
-5.26072
-5.2598
-5.25563
-5.24787
-5.23906
-5.22894
-5.22294
-5.22092
-5.22151
-5.22614
-5.23231
-5.23861
-5.24724
-5.25515
-5.25992
-5.26222
-5.26016
-5.25537
-5.24718
-5.23768
-5.22848
-5.21933
-5.21135
-5.2037
-5.19593
-5.18648
-5.17738
-5.16812
-5.16188
-5.15924
-5.15881
-5.1626
-5.16936
-5.17965
-5.19286
-5.20672
-5.21756
-5.22328
-5.22405
-5.21907
-5.21585
-5.2146
-5.21926
-5.22813
-5.23968
-5.25276
-5.26504
-5.27475
-5.27821
-5.27545
-5.26658
-5.25164
-5.23196
-5.20967
-5.1874
-5.16739
-5.14992
-5.13859
-5.13614
-5.14309
-5.15862
-5.1819
-5.20835
-5.23513
-5.25908
-5.28148
-5.29996
-5.3141
-5.32559
-5.33181
-5.33415
-5.33077
-5.3216
-5.30399
-5.28033
-5.25238
-5.22044
-5.18852
-5.15988
-5.13612
-5.1185
-5.10344
-5.09273
-5.08435
-5.07966
-5.07639
-5.07561
-5.07839
-5.08365
-5.09154
-5.10025
-5.10996
-5.12029
-5.13101
-5.14198
-5.15477
-5.1673
-5.17962
-5.19121
-5.20143
-5.21067
-5.21682
-5.22212
-5.22352
-5.22346
-5.22109
-5.2186
-5.21649
-5.21426
-5.21469
-5.21503
-5.21475
-5.21628
-5.21959
-5.22568
-5.23307
-5.24061
-5.24661
-5.24765
-5.2467
-5.24252
-5.23781
-5.23464
-5.23211
-5.232
-5.23412
-5.23646
-5.23897
-5.24245
-5.24651
-5.24955
-5.25039
-5.25011
-5.24667
-5.24106
-5.23423
-5.2261
-5.21804
-5.21078
-5.20343
-5.19651
-5.18933
-5.18376
-5.17861
-5.17451
-5.16824
-5.16079
-5.15093
-5.1404
-5.13183
-5.12812
-5.12786
-5.13595
-5.14891
-5.1675
-5.19
-5.21266
-5.23506
-5.25571
-5.2738
-5.2882
-5.30102
-5.30955
-5.31459
-5.31637
-5.31435
-5.31179
-5.3055
-5.29668
-5.28475
-5.27012
-5.2525
-5.23473
-5.21944
-5.20687
-5.19973
-5.19731
-5.2009
-5.20602
-5.21171
-5.21551
-5.21716
-5.21748
-5.21816
-5.21935
-5.21768
-5.21401
-5.20885
-5.20193
-5.19623
-5.19251
-5.19213
-5.19277
-5.19378
-5.19368
-5.18988
-5.18551
-5.1793
-5.17069
-5.16152
-5.15374
-5.14631
-5.14051
-5.13612
-5.13303
-5.12998
-5.12921
-5.13206
-5.14146
-5.15676
-5.1793
-5.20753
-5.23741
-5.26797
-5.29624
-5.31951
-5.33681
-5.34643
-5.34854
-5.34215
-5.33033
-5.31347
-5.29371
-5.2725
-5.25011
-5.22937
-5.21215
-5.19989
-5.19354
-5.19251
-5.19844
-5.20719
-5.21861
-5.23095
-5.24278
-5.25156
-5.25377
-5.25118
-5.24386
-5.23337
-5.22299
-5.21428
-5.21138
-5.21491
-5.22637
-5.24287
-5.26324
-5.28836
-5.3115
-5.33188
-5.34484
-5.35065
-5.34694
-5.33454
-5.31544
-5.29466
-5.27689
-5.26598
-5.2631
-5.26786
-5.27714
-5.28793
-5.29712
-5.30059
-5.29985
-5.29383
-5.28621
-5.27899
-5.27452
-5.27469
-5.28147
-5.29138
-5.30544
-5.31923
-5.33171
-5.3414
-5.34994
-5.3541
-5.35727
-5.35721
-5.355
-5.35099
-5.3455
-5.33707
-5.32812
-5.31611
-5.30156
-5.2856
-5.26569
-5.24415
-5.22049
-5.19543
-5.16942
-5.1452
-5.12457
-5.10754
-5.09673
-5.0933
-5.09799
-5.10897
-5.12567
-5.14499
-5.1653
-5.18228
-5.19666
-5.20748
-5.21538
-5.22189
-5.22743
-5.23459
-5.24374
-5.25357
-5.26277
-5.26818
-5.26766
-5.26045
-5.24576
-5.22613
-5.2025
-5.18006
-5.16176
-5.15024
-5.14582
-5.14943
-5.15933
-5.17353
-5.18943
-5.20453
-5.218
-5.23098
-5.24237
-5.25519
-5.26854
-5.28353
-5.29889
-5.3126
-5.3218
-5.32779
-5.32962
-5.32721
-5.32011
-5.31281
-5.30366
-5.29357
-5.28348
-5.27026
-5.2557
-5.23862
-5.22217
-5.20716
-5.19516
-5.18644
-5.18043
-5.17818
-5.17771
-5.18009
-5.18252
-5.18434
-5.18657
-5.18795
-5.19035
-5.19579
-5.20374
-5.21403
-5.22702
-5.24133
-5.25191
-5.26053
-5.263
-5.25897
-5.24972
-5.23529
-5.21613
-5.19709
-5.17782
-5.15923
-5.14054
-5.12327
-5.10892
-5.09699
-5.09146
-5.09187
-5.09732
-5.10765
-5.1215
-5.13816
-5.15658
-5.17669
-5.19809
-5.22105
-5.24266
-5.26065
-5.27165
-5.27553
-5.27183
-5.26223
-5.24917
-5.23532
-5.21801
-5.19905
-5.17844
-5.16046
-5.14729
-5.14322
-5.14686
-5.15813
-5.17133
-5.1831
-5.18881
-5.18872
-5.1833
-5.17488
-5.16623
-5.1596
-5.15888
-5.16247
-5.16827
-5.1747
-5.18027
-5.1851
-5.18834
-5.18896
-5.18709
-5.18523
-5.18444
-5.18495
-5.18773
-5.19446
-5.20567
-5.22036
-5.2359
-5.25078
-5.26453
-5.27563
-5.28525
-5.28998
-5.2915
-5.28882
-5.28221
-5.27223
-5.26253
-5.2534
-5.24506
-5.24025
-5.23629
-5.23583
-5.23866
-5.24382
-5.25233
-5.26271
-5.27383
-5.28189
-5.28766
-5.28677
-5.27837
-5.26184
-5.23675
-5.2084
-5.17906
-5.15374
-5.13417
-5.12326
-5.11908
-5.123
-5.13044
-5.14273
-5.15528
-5.16706
-5.1755
-5.1811
-5.18142
-5.17803
-5.17165
-5.16566
-5.16065
-5.15905
-5.15758
-5.15727
-5.15788
-5.15802
-5.15884
-5.15794
-5.15854
-5.15915
-5.15978
-5.15912
-5.15518
-5.14903
-5.14307
-5.13829
-5.13911
-5.14622
-5.15674
-5.16882
-5.17803
-5.18078
-5.17775
-5.16636
-5.14988
-5.1324
-5.11547
-5.10475
-5.10176
-5.10861
-5.12207
-5.13908
-5.15764
-5.17635
-5.19363
-5.21044
-5.22532
-5.24032
-5.25225
-5.26121
-5.26531
-5.26551
-5.26592
-5.27072
-5.27959
-5.29177
-5.30573
-5.31818
-5.32702
-5.32867
-5.3247
-5.31318
-5.2992
-5.28133
-5.2638
-5.24698
-5.23216
-5.21714
-5.20515
-5.19456
-5.18388
-5.17445
-5.16594
-5.16205
-5.16178
-5.16622
-5.17527
-5.18596
-5.19849
-5.21173
-5.2244
-5.23633
-5.24812
-5.25473
-5.2558
-5.24813
-5.23405
-5.21568
-5.19641
-5.1793
-5.17076
-5.17176
-5.18013
-5.19375
-5.2111
-5.22874
-5.2428
-5.25248
-5.25806
-5.26168
-5.26365
-5.26622
-5.26857
-5.27403
-5.28012
-5.28493
-5.2862
-5.28244
-5.27393
-5.26038
-5.24415
-5.22741
-5.21057
-5.19622
-5.18802
-5.18652
-5.19152
-5.20007
-5.21023
-5.22075
-5.22996
-5.23502
-5.23932
-5.24064
-5.2411
-5.23976
-5.23788
-5.23453
-5.23277
-5.23259
-5.2292
-5.22107
-5.21336
-5.21204
-5.21684
-5.225
-5.22832
-5.22544
-5.21511
-5.19999
-5.18356
-5.16768
-5.1549
-5.14453
-5.13845
-5.13601
-5.13678
-5.14018
-5.1428
-5.14484
-5.14143
-5.13411
-5.12189
-5.10746
-5.09056
-5.07501
-5.06146
-5.04935
-5.03908
-5.02886
-5.0206
-5.01335
-5.00732
-5.00423
-5.00416
-5.00482
-5.00709
-5.00974
-5.01141
-5.01268
-5.01372
-5.01377
-5.01196
-5.00883
-5.00292
-4.99382
-4.98206
-4.97456
-4.97091
-4.97373
-4.98401
-4.99841
-5.01047
-5.0208
-5.02773
-5.03117
-5.03151
-5.02898
-5.02948
-5.03194
-5.03817
-5.04866
-5.06404
-5.08249
-5.10437
-5.12837
-5.15199
-5.17278
-5.18787
-5.19752
-5.1977
-5.19031
-5.17475
-5.15103
-5.12185
-5.09112
-5.06029
-5.03068
-5.00554
-4.98705
-4.97515
-4.96883
-4.96966
-4.97506
-4.98487
-4.99794
-5.01203
-5.025
-5.03565
-5.0425
-5.04557
-5.04444
-5.04158
-5.0384
-5.03715
-5.03784
-5.04101
-5.04815
-5.05785
-5.07083
-5.08321
-5.09422
-5.10104
-5.10502
-5.10615
-5.10432
-5.09976
-5.0934
-5.08421
-5.07477
-5.06441
-5.05524
-5.04475
-5.03562
-5.02256
-5.00595
-4.98608
-4.96282
-4.93997
-4.92457
-4.9202
-4.93036
-4.95367
-4.98511
-5.01987
-5.054
-5.08105
-5.10027
-5.10965
-5.11173
-5.10903
-5.10406
-5.09982
-5.09734
-5.09837
-5.10435
-5.1143
-5.12824
-5.14332
-5.15653
-5.16624
-5.16833
-5.16382
-5.15392
-5.14001
-5.12443
-5.11018
-5.09967
-5.09078
-5.08247
-5.07307
-5.06259
-5.05072
-5.03918
-5.02772
-5.01558
-5.00675
-5.00144
-5.00111
-5.00469
-5.01042
-5.01494
-5.01751
-5.01983
-5.02427
-5.02818
-5.03143
-5.03275
-5.03016
-5.02527
-5.01875
-5.01205
-5.00502
-5.00023
-4.99673
-4.99346
-4.9888
-4.98507
-4.98315
-4.98696
-4.99841
-5.01894
-5.0481
-5.07965
-5.11041
-5.13852
-5.16006
-5.17609
-5.19059
-5.20296
-5.21256
-5.2193
-5.22006
-5.2147
-5.20477
-5.19031
-5.17237
-5.15169
-5.12998
-5.10798
-5.0862
-5.06481
-5.04471
-5.02606
-5.01017
-4.99949
-4.99503
-4.99895
-5.01129
-5.0312
-5.05559
-5.08107
-5.10309
-5.12052
-5.13353
-5.14043
-5.14167
-5.13936
-5.13388
-5.1283
-5.1262
-5.12786
-5.13223
-5.13668
-5.13953
-5.13575
-5.12528
-5.10861
-5.09174
-5.08107
-5.07879
-5.08582
-5.09776
-5.10959
-5.11929
-5.12482
-5.1242
-5.11755
-5.10286
-5.0812
-5.0556
-5.02958
-5.00757
-4.99345
-4.98726
-4.98684
-4.98804
-4.98782
-4.98507
-4.97999
-4.97081
-4.95882
-4.94454
-4.92896
-4.91373
-4.90364
-4.90115
-4.9061
-4.91813
-4.93326
-4.94987
-4.96225
-4.97418
-4.98398
-4.99535
-5.00824
-5.02115
-5.03392
-5.04874
-5.06532
-5.08462
-5.10531
-5.1232
-5.13961
-5.15103
-5.15953
-5.16224
-5.15973
-5.15247
-5.14073
-5.12542
-5.10881
-5.09594
-5.08766
-5.08309
-5.08205
-5.08554
-5.09126
-5.10027
-5.11321
-5.13098
-5.1504
-5.17037
-5.18966
-5.20587
-5.21918
-5.23151
-5.24139
-5.24894
-5.25366
-5.25632
-5.25474
-5.25139
-5.247
-5.23975
-5.23333
-5.22609
-5.22042
-5.21602
-5.2151
-5.21624
-5.21652
-5.21579
-5.21285
-5.2076
-5.19974
-5.18897
-5.17528
-5.15876
-5.13741
-5.10998
-5.07833
-5.0439
-5.00981
-4.97777
-4.95457
-4.94445
-4.94973
-4.97031
-5.00468
-5.04451
-5.08065
-5.1096
-5.12824
-5.13874
-5.14246
-5.14245
-5.14099
-5.13833
-5.13665
-5.13674
-5.13843
-5.14084
-5.14574
-5.15258
-5.16328
-5.17565
-5.18741
-5.1946
-5.19517
-5.18785
-5.17285
-5.15155
-5.12812
-5.10641
-5.09014
-5.08073
-5.07511
-5.07328
-5.07171
-5.06569
-5.05888
-5.05011
-5.04553
-5.04668
-5.05683
-5.07451
-5.09726
-5.12235
-5.14376
-5.16014
-5.16951
-5.16934
-5.1609
-5.14713
-5.12671
-5.10434
-5.08447
-5.06788
-5.05818
-5.05447
-5.05451
-5.05668
-5.05739
-5.05615
-5.05364
-5.05205
-5.05139
-5.05231
-5.05457
-5.05888
-5.06413
-5.07002
-5.07565
-5.08049
-5.0836
-5.08551
-5.08674
-5.08701
-5.08682
-5.08731
-5.08921
-5.0937
-5.10249
-5.11611
-5.1329
-5.1523
-5.17409
-5.19653
-5.21816
-5.23582
-5.24867
-5.25584
-5.25657
-5.24946
-5.23609
-5.21854
-5.20062
-5.18619
-5.17594
-5.1696
-5.16468
-5.15794
-5.14901
-5.13695
-5.12499
-5.11458
-5.10776
-5.10328
-5.10319
-5.10616
-5.11028
-5.11564
-5.1196
-5.12351
-5.12857
-5.13447
-5.14076
-5.14794
-5.15096
-5.14986
-5.1452
-5.13446
-5.1189
-5.09949
-5.07719
-5.05973
-5.05448
-5.06216
-5.08203
-5.10995
-5.13843
-5.16003
-5.17523
-5.18312
-5.1849
-5.18398
-5.18281
-5.18372
-5.18833
-5.19367
-5.19803
-5.20031
-5.19991
-5.19547
-5.18887
-5.17887
-5.16713
-5.155
-5.14232
-5.1319
-5.12692
-5.12502
-5.12721
-5.13088
-5.1312
-5.12592
-5.11561
-5.10186
-5.08567
-5.07123
-5.05761
-5.04547
-5.03707
-5.0346
-5.0369
-5.04839
-5.0675
-5.09064
-5.11819
-5.14617
-5.17292
-5.19727
-5.21806
-5.2342
-5.24449
-5.24821
-5.24527
-5.23357
-5.21354
-5.18579
-5.15165
-5.11784
-5.08572
-5.05826
-5.03826
-5.02583
-5.01901
-5.01715
-5.02111
-5.02851
-5.03718
-5.04503
-5.0495
-5.05175
-5.05161
-5.05144
-5.05244
-5.05716
-5.06919
-5.08927
-5.11557
-5.14647
-5.17617
-5.19925
-5.21278
-5.21482
-5.2064
-5.1908
-5.17211
-5.15255
-5.13403
-5.11583
-5.09833
-5.07993
-5.05995
-5.0392
-5.02187
-5.01004
-5.00455
-5.00268
-5.00557
-5.00747
-5.00893
-5.00635
-5.00044
-4.99169
-4.98349
-4.97707
-4.97436
-4.97671
-4.98551
-5.00034
-5.02077
-5.04659
-5.0769
-5.11004
-5.14348
-5.17509
-5.19942
-5.21357
-5.2169
-5.2079
-5.18805
-5.15996
-5.12421
-5.08546
-5.04765
-5.01553
-4.99091
-4.97664
-4.97377
-4.98251
-5.00025
-5.02516
-5.05223
-5.07653
-5.09478
-5.10637
-5.11049
-5.10555
-5.09344
-5.07822
-5.06293
-5.05089
-5.04142
-5.03535
-5.03293
-5.03255
-5.03181
-5.02781
-5.02191
-5.01283
-5.00246
-4.99335
-4.98413
-4.97856
-4.97326
-4.96723
-4.96112
-4.95589
-4.95643
-4.9642
-4.98056
-5.0015
-5.02353
-5.04344
-5.06048
-5.07389
-5.083
-5.08533
-5.08205
-5.07
-5.05343
-5.03361
-5.01402
-4.99649
-4.98098
-4.96712
-4.95558
-4.9471
-4.94528
-4.94967
-4.95657
-4.96425
-4.96992
-4.97556
-4.98072
-4.98605
-4.99413
-5.00212
-5.00943
-5.01617
-5.0222
-5.02799
-5.03463
-5.04282
-5.0521
-5.06005
-5.06715
-5.07292
-5.07728
-5.08045
-5.0814
-5.08089
-5.07788
-5.07487
-5.06985
-5.06639
-5.06205
-5.0563
-5.04738
-5.03581
-5.01991
-4.99938
-4.97752
-4.95857
-4.9477
-4.94918
-4.96614
-4.99223
-5.0256
-5.05943
-5.08831
-5.10893
-5.12489
-5.13493
-5.13836
-5.13688
-5.12916
-5.11744
-5.10126
-5.08365
-5.06339
-5.04541
-5.03278
-5.02457
-5.02183
-5.02093
-5.02243
-5.0254
-5.02991
-5.03667
-5.04786
-5.06162
-5.07934
-5.09897
-5.11926
-5.13984
-5.15878
-5.17134
-5.17834
-5.17651
-5.16604
-5.14805
-5.12666
-5.10372
-5.08706
-5.07657
-5.07419
-5.07573
-5.08071
-5.08698
-5.09523
-5.10299
-5.10967
-5.11306
-5.11455
-5.11689
-5.12314
-5.1324
-5.14227
-5.15194
-5.16107
-5.1691
-5.17649
-5.18582
-5.19337
-5.1982
-5.201
-5.20103
-5.19738
-5.18923
-5.17802
-5.16509
-5.1509
-5.13629
-5.12102
-5.10524
-5.09358
-5.08563
-5.08163
-5.08162
-5.08171
-5.08296
-5.08194
-5.07914
-5.07593
-5.07305
-5.07014
-5.06595
-5.06089
-5.05718
-5.05031
-5.04224
-5.03363
-5.02458
-5.01493
-5.00555
-4.99815
-4.99055
-4.98415
-4.98014
-4.97957
-4.98091
-4.98644
-4.99485
-5.00282
-5.00862
-5.011
-5.01191
-5.00861
-5.00222
-4.99284
-4.98419
-4.97395
-4.96674
-4.96376
-4.96395
-4.96891
-4.9789
-4.9943
-5.01565
-5.04098
-5.06797
-5.09295
-5.11491
-5.13333
-5.14878
-5.15832
-5.16295
-5.16448
-5.16313
-5.15695
-5.14643
-5.13109
-5.10944
-5.08117
-5.04833
-5.01611
-4.9941
-4.98796
-4.99979
-5.02239
-5.04811
-5.07082
-5.08672
-5.09763
-5.10428
-5.10827
-5.1078
-5.10231
-5.0936
-5.08258
-5.07254
-5.06779
-5.06825
-5.07553
-5.08701
-5.10203
-5.11712
-5.13085
-5.13994
-5.14141
-5.13945
-5.13203
-5.11916
-5.10295
-5.08639
-5.06841
-5.05054
-5.03544
-5.02086
-5.00749
-4.99458
-4.98304
-4.97438
-4.96761
-4.96231
-4.96048
-4.96218
-4.96743
-4.97765
-4.99239
-5.01082
-5.03167
-5.05236
-5.07003
-5.08359
-5.09511
-5.10194
-5.10555
-5.10513
-5.10268
-5.09582
-5.08532
-5.07294
-5.06299
-5.05991
-5.06191
-5.06457
-5.06181
-5.05478
-5.0457
-5.04307
-5.04793
-5.05639
-5.06174
-5.06513
-5.06902
-5.07935
-5.09888
-5.126
-5.15529
-5.18513
-5.20696
-5.22261
-5.23095
-5.23552
-5.23762
-5.23931
-5.23894
-5.23542
-5.22929
-5.21989
-5.21072
-5.20136
-5.19424
-5.1889
-5.18397
-5.17706
-5.16765
-5.15457
-5.13737
-5.1168
-5.09331
-5.06927
-5.0441
-5.01938
-4.99912
-4.98054
-4.96623
-4.95728
-4.95551
-4.95916
-4.96831
-4.98015
-4.99328
-5.00802
-5.02382
-5.04042
-5.05793
-5.07672
-5.09405
-5.10772
-5.11628
-5.11852
-5.11491
-5.10668
-5.09573
-5.08727
-5.0828
-5.08516
-5.09139
-5.09934
-5.10582
-5.11094
-5.1188
-5.1297
-5.14433
-5.1607
-5.17464
-5.18183
-5.18098
-5.17035
-5.15474
-5.136
-5.11752
-5.10047
-5.08713
-5.07597
-5.06852
-5.06312
-5.06261
-5.06643
-5.07326
-5.08436
-5.09615
-5.10755
-5.1165
-5.12206
-5.125
-5.1231
-5.11899
-5.11114
-5.10162
-5.08983
-5.08083
-5.07437
-5.07206
-5.07371
-5.07921
-5.08681
-5.09968
-5.11343
-5.12628
-5.13481
-5.13596
-5.12688
-5.10745
-5.0816
-5.05317
-5.02875
-5.01429
-5.01078
-5.01877
-5.03437
-5.05453
-5.0788
-5.10116
-5.12287
-5.141
-5.15427
-5.16205
-5.16473
-5.16745
-5.16979
-5.17318
-5.17438
-5.17533
-5.17504
-5.17166
-5.16609
-5.15853
-5.14765
-5.13448
-5.11903
-5.10309
-5.0886
-5.07835
-5.07546
-5.08006
-5.09008
-5.10208
-5.11502
-5.12287
-5.12608
-5.1235
-5.1159
-5.10705
-5.10576
-5.09289
-5.07974
-5.06853
-5.06018
-5.05536
-5.05239
-5.04914
-5.04262
-5.03322
-5.01996
-5.00575
-4.9927
-4.98753
-4.99311
-5.01227
-5.04062
-5.07187
-5.10096
-5.12037
-5.1282
-5.12441
-5.11066
-5.09138
-5.06792
-5.04384
-5.02187
-5.00245
-4.9831
-4.96911
-4.96185
-4.96192
-4.96869
-4.98109
-4.99577
-5.01099
-5.02417
-5.03289
-5.04046
-5.04625
-5.05071
-5.05296
-5.05193
-5.04784
-5.04181
-5.03734
-5.03571
-5.04265
-5.05963
-5.08422
-5.11629
-5.14987
-5.18101
-5.2062
-5.22757
-5.24375
-5.25604
-5.26322
-5.26735
-5.26572
-5.258
-5.24648
-5.22975
-5.21106
-5.18927
-5.16695
-5.1448
-5.12417
-5.10762
-5.09757
-5.09347
-5.09432
-5.09981
-5.10676
-5.11241
-5.11669
-5.11624
-5.11303
-5.10596
-5.09801
-5.09461
-5.09691
-5.1052
-5.11738
-5.13199
-5.14552
-5.15324
-5.15326
-5.14801
-5.13921
-5.12859
-5.11896
-5.10809
-5.09895
-5.08722
-5.07292
-5.05335
-5.03447
-5.02023
-5.01339
-5.01676
-5.02881
-5.04576
-5.06656
-5.08251
-5.09167
-5.09587
-5.09445
-5.08818
-5.07838
-5.06262
-5.03837
-5.0053
-4.96522
-4.92477
-4.88779
-4.85811
-4.84365
-4.84474
-4.85806
-4.88141
-4.90854
-4.93667
-4.96044
-4.97638
-4.98733
-4.99412
-4.99884
-5.00746
-5.02086
-5.03523
-5.0482
-5.05312
-5.05056
-5.04217
-5.03014
-5.01885
-5.01229
-5.00417
-4.99359
-4.9782
-4.96019
-4.9395
-4.91873
-4.90189
-4.89192
-4.89262
-4.90475
-4.92638
-4.95235
-4.97753
-4.99963
-5.01622
-5.02566
-5.03031
-5.03259
-5.03281
-5.03321
-5.03609
-5.04229
-5.05162
-5.06145
-5.07705
-5.09539
-5.11647
-5.13728
-5.15359
-5.16563
-5.17189
-5.17468
-5.17142
-5.16348
-5.15384
-5.14197
-5.1286
-5.11622
-5.10682
-5.10369
-5.10798
-5.11791
-5.13224
-5.1497
-5.16562
-5.17629
-5.1827
-5.18242
-5.17568
-5.16392
-5.15068
-5.13867
-5.13203
-5.13327
-5.14104
-5.15271
-5.16854
-5.1839
-5.19635
-5.20545
-5.21057
-5.20906
-5.2021
-5.19112
-5.17575
-5.16074
-5.14771
-5.1402
-5.13943
-5.14784
-5.16274
-5.18071
-5.1952
-5.20113
-5.1974
-5.18197
-5.15431
-5.11977
-5.08049
-5.04323
-5.01347
-4.99225
-4.98271
-4.98325
-4.9917
-5.00655
-5.02544
-5.04688
-5.06624
-5.08032
-5.08521
-5.07916
-5.06492
-5.04407
-5.01815
-4.99032
-4.96236
-4.93862
-4.91862
-4.90239
-4.89109
-4.88604
-4.89017
-4.90234
-4.9235
-4.9524
-4.98365
-5.01435
-5.03872
-5.05673
-5.06663
-5.0701
-5.0697
-5.06725
-5.06682
-5.07079
-5.08144
-5.09507
-5.11298
-5.13159
-5.14732
-5.1603
-5.16877
-5.17292
-5.17173
-5.16524
-5.15282
-5.13627
-5.11567
-5.09118
-5.06504
-5.03858
-5.01386
-4.99236
-4.97251
-4.95493
-4.9395
-4.92726
-4.91933
-4.91573
-4.91892
-4.92861
-4.94213
-4.96059
-4.97837
-4.99334
-5.00751
-5.02202
-5.03914
-5.06004
-5.08216
-5.09678
-5.10405
-5.10273
-5.09158
-5.07661
-5.0587
-5.0444
-5.03483
-5.02798
-5.02416
-5.02206
-5.01721
-5.00976
-4.99936
-4.98746
-4.97482
-4.96528
-4.96077
-4.96126
-4.96502
-4.97084
-4.97682
-4.98525
-4.99594
-5.00776
-5.01974
-5.03231
-5.04164
-5.04559
-5.04419
-5.03871
-5.03293
-5.0315
-5.03573
-5.04492
-5.05666
-5.06855
-5.0795
-5.0862
-5.09133
-5.09523
-5.10068
-5.1089
-5.12025
-5.13353
-5.14307
-5.14754
-5.14276
-5.12849
-5.10728
-5.07895
-5.05071
-5.02739
-5.01236
-5.00677
-5.0095
-5.019
-5.033
-5.04891
-5.0639
-5.07581
-5.08266
-5.08489
-5.08392
-5.08076
-5.07938
-5.07755
-5.07904
-5.08391
-5.08915
-5.09231
-5.09496
-5.09297
-5.08846
-5.07947
-5.06679
-5.05123
-5.0339
-5.01466
-4.99617
-4.97816
-4.96341
-4.9525
-4.94716
-4.94906
-4.95621
-4.96917
-4.9849
-5.00313
-5.01918
-5.03405
-5.04762
-5.05837
-5.06998
-5.08162
-5.09386
-5.10636
-5.1179
-5.12777
-5.13585
-5.14199
-5.14959
-5.15447
-5.15844
-5.15921
-5.15556
-5.14806
-5.13594
-5.12035
-5.10063
-5.07809
-5.05558
-5.03636
-5.02078
-5.01103
-5.00571
-5.00211
-4.99882
-4.9935
-4.98695
-4.98137
-4.97686
-4.98157
-4.99644
-5.01893
-5.04514
-5.07081
-5.08964
-5.1018
-5.10962
-5.11179
-5.11195
-5.10815
-5.10038
-5.09001
-5.08191
-5.07721
-5.07574
-5.07711
-5.08243
-5.08997
-5.10007
-5.1124
-5.12831
-5.14711
-5.16749
-5.18739
-5.20444
-5.21712
-5.22553
-5.22978
-5.22885
-5.22437
-5.21813
-5.21262
-5.20648
-5.19853
-5.18969
-5.17867
-5.16549
-5.1522
-5.13892
-5.1261
-5.11366
-5.10536
-5.09997
-5.09901
-5.10114
-5.10448
-5.10792
-5.11104
-5.11212
-5.11271
-5.1106
-5.10559
-5.10067
-5.09506
-5.09031
-5.08729
-5.08686
-5.08718
-5.08906
-5.08797
-5.08568
-5.07915
-5.06925
-5.05435
-5.03846
-5.02429
-5.01507
-5.01198
-5.01448
-5.02098
-5.0291
-5.0368
-5.04473
-5.05423
-5.06592
-5.08018
-5.09577
-5.11037
-5.12248
-5.13097
-5.13617
-5.13986
-5.14152
-5.14426
-5.14607
-5.14628
-5.14555
-5.14419
-5.14147
-5.14002
-5.14235
-5.1489
-5.15744
-5.16629
-5.17243
-5.17426
-5.16876
-5.15845
-5.1448
-5.12809
-5.11123
-5.09351
-5.07644
-5.06279
-5.05038
-5.04272
-5.0373
-5.03599
-5.03644
-5.03996
-5.04589
-5.05253
-5.06116
-5.06922
-5.07614
-5.08241
-5.08679
-5.09016
-5.09183
-5.09224
-5.09283
-5.09356
-5.0976
-5.10524
-5.11701
-5.13251
-5.14808
-5.16119
-5.16857
-5.16922
-5.16391
-5.1528
-5.13722
-5.11931
-5.0999
-5.08115
-5.06404
-5.05025
-5.0393
-5.03066
-5.02152
-5.01067
-5.00092
-4.99236
-4.98371
-4.97826
-4.97538
-4.97541
-4.97762
-4.98038
-4.98457
-4.98971
-4.99616
-5.00279
-5.00946
-5.01672
-5.02266
-5.02763
-5.02988
-5.03198
-5.03158
-5.02826
-5.02488
-5.02115
-5.01751
-5.0144
-5.01047
-5.00752
-5.00407
-4.9979
-4.98979
-4.97632
-4.96005
-4.93999
-4.92228
-4.90922
-4.90762
-4.9202
-4.94465
-4.97693
-5.00956
-5.03665
-5.05522
-5.06361
-5.06447
-5.05965
-5.05417
-5.04874
-5.04548
-5.04666
-5.05108
-5.05791
-5.06671
-5.0746
-5.08059
-5.08309
-5.08298
-5.08158
-5.08033
-5.0821
-5.0855
-5.09397
-5.10432
-5.11689
-5.12585
-5.12869
-5.12351
-5.10712
-5.08184
-5.05108
-5.02396
-5.00236
-4.9909
-4.98916
-4.99319
-4.9991
-5.00397
-5.0069
-5.00951
-5.00995
-5.00999
-5.01067
-5.01172
-5.01584
-5.02293
-5.03214
-5.04309
-5.05379
-5.06212
-5.06699
-5.06647
-5.06088
-5.0496
-5.0334
-5.01324
-4.99011
-4.96748
-4.94456
-4.92448
-4.90811
-4.89963
-4.90281
-4.9191
-4.94619
-4.97775
-5.01204
-5.04142
-5.0625
-5.07802
-5.08366
-5.08226
-5.07398
-5.05948
-5.04219
-5.0246
-5.00928
-4.99645
-4.98691
-4.97916
-4.97508
-4.97508
-4.97999
-4.98614
-4.98997
-4.99268
-4.99373
-4.99561
-4.99963
-5.0054
-5.01596
-5.02733
-5.03932
-5.05245
-5.06321
-5.07437
-5.0831
-5.09097
-5.09873
-5.10948
-5.12136
-5.13578
-5.14938
-5.16392
-5.17679
-5.18572
-5.18981
-5.18659
-5.17548
-5.15804
-5.13904
-5.12383
-5.11341
-5.11213
-5.11781
-5.12966
-5.14314
-5.15332
-5.15986
-5.15866
-5.1504
-5.13493
-5.11076
-5.07885
-5.04426
-5.00806
-4.97738
-4.95648
-4.94851
-4.95399
-4.96865
-4.98629
-5.00179
-5.01598
-5.02667
-5.03627
-5.04184
-5.04653
-5.04897
-5.05063
-5.05268
-5.0563
-5.06081
-5.06502
-5.07031
-5.07201
-5.07011
-5.06398
-5.05505
-5.04338
-5.03105
-5.01802
-5.00522
-4.99448
-4.98919
-4.98936
-4.997
-5.0088
-5.02419
-5.04293
-5.06375
-5.08784
-5.11315
-5.13856
-5.16103
-5.17921
-5.18799
-5.18618
-5.16964
-5.13862
-5.09873
-5.05891
-5.02658
-5.00199
-4.98249
-4.96085
-4.93585
-4.91132
-4.88878
-4.87722
-4.88119
-4.90182
-4.93506
-4.97354
-5.01216
-5.04686
-5.07808
-5.10678
-5.13336
-5.15767
-5.18004
-5.1988
-5.2146
-5.22349
-5.22456
-5.215
-5.19481
-5.16495
-5.1261
-5.08645
-5.05324
-5.03149
-5.02363
-5.02858
-5.03775
-5.04688
-5.05158
-5.05176
-5.0474
-5.04272
-5.03648
-5.03069
-5.02611
-5.02325
-5.02139
-5.02076
-5.01827
-5.01773
-5.01683
-5.01677
-5.01632
-5.01639
-5.01672
-5.01603
-5.01494
-5.01427
-5.01478
-5.01811
-5.02235
-5.02798
-5.03383
-5.04067
-5.04675
-5.05176
-5.05698
-5.06153
-5.06597
-5.06714
-5.06651
-5.0637
-5.05826
-5.05252
-5.04602
-5.04405
-5.04596
-5.05479
-5.06832
-5.0858
-5.10312
-5.11715
-5.12727
-5.13126
-5.12712
-5.11716
-5.1007
-5.07717
-5.04931
-5.01965
-4.99182
-4.97214
-4.96285
-4.96414
-4.97233
-4.98257
-4.99176
-5.00242
-5.01226
-5.02467
-5.03952
-5.05665
-5.07434
-5.09254
-5.10935
-5.12234
-5.13055
-5.13527
-5.13442
-5.12966
-5.12139
-5.10961
-5.09761
-5.08893
-5.08488
-5.08907
-5.1014
-5.11917
-5.13903
-5.159
-5.17567
-5.19223
-5.20465
-5.21375
-5.21697
-5.21427
-5.20661
-5.19361
-5.17677
-5.15715
-5.13781
-5.12033
-5.1028
-5.08542
-5.0683
-5.05116
-5.03771
-5.03101
-5.03443
-5.04934
-5.07261
-5.10231
-5.13296
-5.16039
-5.18277
-5.20083
-5.21349
-5.22045
-5.22236
-5.2198
-5.21129
-5.19763
-5.18065
-5.16259
-5.14703
-5.13638
-5.13238
-5.13498
-5.14218
-5.14944
-5.15275
-5.14838
-5.13598
-5.11745
-5.09524
-5.07207
-5.05099
-5.03437
-5.02286
-5.01608
-5.01468
-5.0168
-5.02333
-5.0352
-5.05295
-5.0742
-5.09513
-5.11422
-5.13085
-5.14285
-5.15113
-5.1581
-5.1598
-5.157
-5.1495
-5.13703
-5.12095
-5.10115
-5.08225
-5.06568
-5.05162
-5.03828
-5.02464
-5.00829
-4.99564
-4.98567
-4.98117
-4.98264
-4.99124
-5.00309
-5.01568
-5.0269
-5.03421
-5.03909
-5.04116
-5.04097
-5.04152
-5.04253
-5.04247
-5.04403
-5.04652
-5.04892
-5.05381
-5.05969
-5.06527
-5.07191
-5.0777
-5.08559
-5.09214
-5.10157
-5.11205
-5.12414
-5.13501
-5.14305
-5.14784
-5.14746
-5.14037
-5.12603
-5.10554
-5.08063
-5.05484
-5.039
-5.03656
-5.04759
-5.06525
-5.08484
-5.10319
-5.12345
-5.14292
-5.16118
-5.17482
-5.18243
-5.18304
-5.18346
-5.18029
-5.17426
-5.16799
-5.16498
-5.16367
-5.16443
-5.16556
-5.16622
-5.16514
-5.16083
-5.15345
-5.13905
-5.11921
-5.09251
-5.05916
-5.02136
-4.98321
-4.94706
-4.91908
-4.90162
-4.89669
-4.90496
-4.92713
-4.96071
-5.00131
-5.04204
-5.07888
-5.10662
-5.12542
-5.1335
-5.13155
-5.12254
-5.10824
-5.09352
-5.0832
-5.07898
-5.08011
-5.08218
-5.08317
-5.08271
-5.07915
-5.07499
-5.07442
-5.07875
-5.08286
-5.08834
-5.09081
-5.08765
-5.08121
-5.07115
-5.05956
-5.04456
-5.02843
-5.01009
-4.99416
-4.98358
-4.98141
-4.98828
-4.99989
-5.01508
-5.03142
-5.04676
-5.0612
-5.07414
-5.08447
-5.09261
-5.1003
-5.10543
-5.11033
-5.11154
-5.10999
-5.10522
-5.09438
-5.07995
-5.06009
-5.03654
-5.01419
-4.99191
-4.97267
-4.9578
-4.9484
-4.94624
-4.9505
-4.96062
-4.97299
-4.98468
-4.98997
-4.98798
-4.97995
-4.96742
-4.95973
-4.96468
-4.98241
-5.0136
-5.0487
-5.08343
-5.11199
-5.1335
-5.14402
-5.14695
-5.14543
-5.1369
-5.12328
-5.10541
-5.08651
-5.06818
-5.05372
-5.0458
-5.04606
-5.05564
-5.07386
-5.09934
-5.12654
-5.15589
-5.18247
-5.20499
-5.22044
-5.22906
-5.23143
-5.2292
-5.22434
-5.21565
-5.20452
-5.1924
-5.17808
-5.16304
-5.14873
-5.13355
-5.11732
-5.10041
-5.08406
-5.06608
-5.05098
-5.04308
-5.04424
-5.05581
-5.07777
-5.10473
-5.13134
-5.15378
-5.16723
-5.17527
-5.17772
-5.18086
-5.18722
-5.19821
-5.21243
-5.22777
-5.23972
-5.24741
-5.24893
-5.24392
-5.2342
-5.21949
-5.20167
-5.18203
-5.16289
-5.1451
-5.12928
-5.11538
-5.10746
-5.10385
-5.10575
-5.10988
-5.11452
-5.11588
-5.11206
-5.10459
-5.09595
-5.08732
-5.07879
-5.07342
-5.06973
-5.0663
-5.06309
-5.06173
-5.05976
-5.05645
-5.05193
-5.04497
-5.03668
-5.02753
-5.01672
-5.00768
-5.00258
-5.00395
-5.01351
-5.03138
-5.05585
-5.08207
-5.10681
-5.1263
-5.13882
-5.14465
-5.14186
-5.13582
-5.12656
-5.11729
-5.1086
-5.104
-5.10506
-5.11034
-5.11819
-5.12991
-5.14155
-5.15127
-5.15799
-5.16126
-5.16148
-5.15939
-5.15626
-5.15354
-5.15129
-5.15075
-5.15157
-5.15144
-5.15246
-5.1522
-5.14791
-5.13899
-5.12505
-5.1068
-5.08168
-5.05296
-5.02334
-4.99465
-4.96761
-4.94439
-4.9276
-4.91828
-4.91983
-4.93175
-4.95512
-4.98598
-5.02281
-5.06173
-5.09831
-5.13135
-5.1561
-5.17099
-5.17647
-5.17264
-5.16087
-5.14501
-5.12554
-5.10321
-5.08322
-5.06674
-5.05642
-5.0522
-5.05257
-5.05625
-5.05908
-5.06065
-5.06038
-5.05732
-5.05491
-5.05233
-5.05385
-5.05885
-5.06697
-5.07903
-5.0951
-5.11389
-5.13415
-5.15243
-5.1657
-5.17373
-5.17734
-5.18046
-5.18464
-5.19022
-5.19553
-5.19813
-5.19863
-5.19489
-5.18505
-5.17425
-5.15846
-5.13853
-5.11436
-5.08968
-5.06871
-5.0571
-5.06165
-5.08497
-5.12104
-5.16087
-5.19855
-5.22814
-5.24676
-5.255
-5.25287
-5.24016
-5.22376
-5.20266
-5.18007
-5.15808
-5.13945
-5.12483
-5.11278
-5.10365
-5.09634
-5.09396
-5.09547
-5.10119
-5.11013
-5.11985
-5.12854
-5.13632
-5.14185
-5.14767
-5.15199
-5.15325
-5.15007
-5.14299
-5.12897
-5.11191
-5.09515
-5.08261
-5.0775
-5.08083
-5.09108
-5.10514
-5.11736
-5.12737
-5.13032
-5.1278
-5.12058
-5.10815
-5.09146
-5.07155
-5.05071
-5.03268
-5.01848
-5.01245
-5.01317
-5.0186
-5.02742
-5.04007
-5.05541
-5.07232
-5.09061
-5.1119
-5.13444
-5.15574
-5.17281
-5.18211
-5.18046
-5.16949
-5.15034
-5.12737
-5.10378
-5.08277
-5.06435
-5.0486
-5.0348
-5.02134
-5.00758
-4.99605
-4.98856
-4.98662
-4.98981
-4.99757
-5.0106
-5.02357
-5.03554
-5.04376
-5.04792
-5.04732
-5.03988
-5.02486
-5.00268
-4.97855
-4.95582
-4.94404
-4.94693
-4.96651
-4.99631
-5.03118
-5.06337
-5.08689
-5.1028
-5.10948
-5.10856
-5.10015
-5.08934
-5.0731
-5.05349
-5.03142
-5.01024
-4.98946
-4.97668
-4.97311
-4.97918
-4.99428
-5.01166
-5.0292
-5.04474
-5.05693
-5.06433
-5.0673
-5.06676
-5.06116
-5.05247
-5.04097
-5.02895
-5.02
-5.01617
-5.01833
-5.02555
-5.03354
-5.0454
-5.05845
-5.07398
-5.08881
-5.10397
-5.11796
-5.12761
-5.13565
-5.14346
-5.15081
-5.15797
-5.16545
-5.16967
-5.1685
-5.16282
-5.15287
-5.1403
-5.12813
-5.11725
-5.10983
-5.10563
-5.10691
-5.11294
-5.12427
-5.13858
-5.15691
-5.17681
-5.19714
-5.21615
-5.23086
-5.23924
-5.2425
-5.24098
-5.23788
-5.23274
-5.22927
-5.22783
-5.22883
-5.22846
-5.22956
-5.23243
-5.23735
-5.24236
-5.24633
-5.24483
-5.2355
-5.21759
-5.18914
-5.15527
-5.12345
-5.10251
-5.09599
-5.10121
-5.11453
-5.1281
-5.136
-5.13563
-5.12468
-5.10052
-5.06695
-5.03025
-4.99683
-4.97495
-4.97081
-4.98748
-5.01948
-5.05835
-5.09617
-5.12801
-5.15117
-5.16525
-5.17029
-5.17002
-5.16425
-5.15593
-5.14621
-5.13745
-5.12896
-5.12448
-5.1228
-5.12182
-5.12291
-5.12503
-5.12787
-5.1292
-5.13015
-5.12923
-5.12984
-5.13089
-5.13273
-5.13486
-5.13585
-5.13575
-5.13279
-5.1263
-5.11575
-5.10292
-5.09012
-5.08027
-5.07528
-5.07616
-5.07805
-5.08039
-5.08081
-5.07914
-5.07804
-5.07766
-5.0812
-5.08512
-5.09221
-5.1001
-5.10691
-5.11147
-5.11146
-5.1072
-5.10206
-5.09556
-5.08895
-5.08382
-5.07771
-5.06778
-5.05281
-5.03445
-5.01339
-4.99355
-4.97514
-4.95986
-4.95146
-4.94807
-4.95082
-4.95883
-4.96964
-4.98284
-4.99298
-4.9985
-4.99841
-4.99076
-4.97808
-4.96227
-4.9447
-4.93173
-4.9257
-4.92764
-4.93858
-4.95515
-4.97707
-5.00038
-5.02399
-5.04837
-5.07075
-5.09257
-5.11251
-5.13116
-5.14706
-5.15852
-5.16462
-5.16575
-5.16111
-5.1491
-5.13143
-5.11002
-5.08605
-5.06027
-5.03666
-5.01641
-5.00231
-4.99425
-4.99624
-5.00534
-5.02108
-5.0408
-5.0626
-5.08206
-5.09848
-5.11128
-5.12194
-5.12954
-5.13551
-5.13686
-5.13582
-5.12929
-5.11986
-5.11014
-5.10374
-5.10103
-5.10281
-5.10762
-5.11298
-5.11685
-5.12279
-5.13059
-5.13956
-5.15002
-5.16322
-5.17593
-5.18416
-5.18843
-5.18546
-5.17516
-5.16147
-5.14818
-5.13641
-5.12768
-5.11908
-5.10956
-5.09901
-5.08822
-5.08052
-5.08168
-5.0924
-5.1124
-5.13825
-5.16319
-5.18596
-5.20454
-5.21981
-5.22929
-5.23354
-5.23059
-5.22063
-5.20307
-5.18247
-5.16133
-5.14289
-5.12898
-5.12119
-5.11598
-5.11319
-5.11007
-5.10807
-5.10656
-5.10875
-5.11729
-5.13002
-5.14622
-5.16446
-5.18132
-5.19721
-5.21001
-5.21942
-5.22575
-5.22819
-5.22586
-5.21826
-5.20363
-5.18246
-5.15352
-5.12049
-5.08516
-5.0537
-5.02874
-5.01332
-5.00332
-4.99595
-4.98948
-4.98243
-4.97821
-4.97934
-4.98791
-5.00351
-5.02395
-5.04617
-5.06731
-5.08942
-5.10952
-5.12811
-5.14363
-5.14939
-5.14725
-5.13855
-5.12596
-5.11759
-5.11406
-5.11442
-5.12018
-5.12651
-5.13291
-5.13949
-5.14387
-5.14873
-5.15196
-5.15545
-5.15811
-5.16219
-5.16666
-5.16947
-5.17021
-5.16798
-5.16569
-5.16158
-5.15534
-5.14559
-5.13091
-5.11138
-5.08954
-5.07033
-5.05581
-5.04662
-5.04699
-5.05321
-5.0649
-5.08028
-5.09557
-5.10786
-5.11441
-5.11241
-5.10061
-5.0811
-5.05543
-5.02865
-5.00709
-4.99358
-4.988
-4.99112
-4.9976
-5.00438
-5.00972
-5.012
-5.01197
-5.01243
-5.01742
-5.02997
-5.04773
-5.06953
-5.08936
-5.10551
-5.11497
-5.11877
-5.11767
-5.11004
-5.09949
-5.08802
-5.07529
-5.06018
-5.04721
-5.0336
-5.02264
-5.0137
-5.00897
-5.00901
-5.01439
-5.0251
-5.04061
-5.05927
-5.07687
-5.09287
-5.10494
-5.11113
-5.11145
-5.10786
-5.10038
-5.08959
-5.07903
-5.06908
-5.0593
-5.04964
-5.0415
-5.03225
-5.02261
-5.01281
-5.00453
-4.99928
-4.99692
-4.99745
-5.00219
-5.00893
-5.01627
-5.02017
-5.02414
-5.0265
-5.02933
-5.03294
-5.0381
-5.04567
-5.05655
-5.06851
-5.08221
-5.09635
-5.11258
-5.1305
-5.15249
-5.17556
-5.19779
-5.21743
-5.23195
-5.23911
-5.23748
-5.22544
-5.20596
-5.17993
-5.15098
-5.12243
-5.09639
-5.07231
-5.05304
-5.04009
-5.0334
-5.03505
-5.04507
-5.05793
-5.0735
-5.08575
-5.09528
-5.10198
-5.10739
-5.11283
-5.11853
-5.12661
-5.13507
-5.14348
-5.15158
-5.15633
-5.15836
-5.15737
-5.15374
-5.14856
-5.14736
-5.15077
-5.1595
-5.17206
-5.18637
-5.19896
-5.20892
-5.21523
-5.21647
-5.21377
-5.20753
-5.19736
-5.18679
-5.17427
-5.16047
-5.14668
-5.13194
-5.11764
-5.107
-5.10063
-5.09736
-5.09816
-5.10217
-5.10708
-5.11037
-5.11361
-5.11528
-5.11372
-5.11411
-5.11507
-5.11818
-5.12255
-5.12597
-5.13088
-5.13511
-5.13935
-5.14153
-5.13987
-5.13553
-5.1307
-5.12737
-5.1268
-5.13103
-5.14051
-5.15729
-5.18
-5.20457
-5.22919
-5.24984
-5.26446
-5.27179
-5.26988
-5.26371
-5.24986
-5.23142
-5.20862
-5.18306
-5.15696
-5.13156
-5.10847
-5.08714
-5.0679
-5.04714
-5.02689
-5.00683
-4.99056
-4.98266
-4.98513
-4.99553
-5.00972
-5.02303
-5.02912
-5.02822
-5.02238
-5.01092
-4.99734
-4.98454
-4.97327
-4.96645
-4.96374
-4.97034
-4.98426
-5.00498
-5.0317
-5.05713
-5.07913
-5.09617
-5.10691
-5.11292
-5.11398
-5.11426
-5.11399
-5.1144
-5.11706
-5.12413
-5.13632
-5.15476
-5.1789
-5.20481
-5.23041
-5.25411
-5.27407
-5.28886
-5.29656
-5.29719
-5.2914
-5.27752
-5.25226
-5.21731
-5.17265
-5.12197
-5.06963
-5.02076
-4.97932
-4.95212
-4.93952
-4.94159
-4.95389
-4.97229
-4.99303
-5.01576
-5.03901
-5.061
-5.08312
-5.10063
-5.11348
-5.11883
-5.11794
-5.11059
-5.09919
-5.08875
-5.08179
-5.07647
-5.07424
-5.07268
-5.07093
-5.06923
-5.06843
-5.06768
-5.06613
-5.06398
-5.05738
-5.0492
-5.03836
-5.0268
-5.01448
-5.00287
-4.99264
-4.98451
-4.98009
-4.97885
-4.97834
-4.97972
-4.98335
-4.99222
-5.00834
-5.03136
-5.06181
-5.0941
-5.1232
-5.14439
-5.1578
-5.15883
-5.14914
-5.13087
-5.105
-5.07546
-5.04521
-5.01871
-4.99961
-4.99136
-4.99113
-4.99223
-4.99761
-5.00522
-5.01142
-5.01598
-5.02232
-5.02742
-5.03525
-5.04354
-5.04985
-5.05289
-5.05244
-5.04694
-5.03946
-5.0332
-5.02828
-5.02455
-5.02398
-5.02286
-5.02166
-5.01843
-5.01335
-5.00639
-4.99717
-4.98747
-4.97671
-4.96819
-4.96053
-4.95769
-4.96171
-4.97463
-4.99495
-5.01565
-5.03323
-5.04229
-5.04223
-5.03153
-5.01371
-4.99347
-4.97393
-4.95717
-4.94566
-4.93651
-4.92815
-4.91914
-4.91134
-4.90699
-4.90759
-4.91248
-4.91995
-4.9261
-4.93092
-4.93418
-4.93635
-4.93979
-4.94763
-4.9599
-4.97616
-4.99178
-5.00491
-5.01035
-5.00557
-4.99125
-4.97213
-4.95128
-4.93075
-4.91521
-4.9075
-4.90743
-4.9134
-4.92504
-4.94243
-4.96414
-4.98895
-5.01443
-5.03697
-5.05431
-5.06499
-5.06921
-5.06679
-5.06009
-5.0479
-5.03661
-5.02618
-5.01707
-5.0108
-5.00881
-5.01002
-5.01357
-5.01675
-5.01807
-5.01781
-5.011
-5.00115
-4.98754
-4.97129
-4.95416
-4.93905
-4.926
-4.91559
-4.90896
-4.90496
-4.90454
-4.9049
-4.90942
-4.91642
-4.92663
-4.94011
-4.95395
-4.96512
-4.97168
-4.97224
-4.96469
-4.95219
-4.93724
-4.92359
-4.91403
-4.91304
-4.91921
-4.93456
-4.95858
-4.98724
-5.01585
-5.03889
-5.05176
-5.05386
-5.04392
-5.0258
-5.00561
-4.98572
-4.97064
-4.95977
-4.95516
-4.95401
-4.95703
-4.96159
-4.9692
-4.97675
-4.98413
-4.99051
-4.99412
-4.99524
-4.99422
-4.9927
-4.99686
-5.00883
-5.02773
-5.05291
-5.08026
-5.10575
-5.12746
-5.14281
-5.1558
-5.16193
-5.16076
-5.15553
-5.14263
-5.12417
-5.10041
-5.07312
-5.04127
-5.0118
-4.98447
-4.96268
-4.95049
-4.94869
-4.95592
-4.96899
-4.98606
-5.00459
-5.02375
-5.04249
-5.05978
-5.0763
-5.08941
-5.09904
-5.10285
-5.10265
-5.09905
-5.09353
-5.08831
-5.08527
-5.08514
-5.0897
-5.0961
-5.10293
-5.10794
-5.10847
-5.10512
-5.10025
-5.09528
-5.09081
-5.09065
-5.09296
-5.09806
-5.10346
-5.10843
-5.11043
-5.11005
-5.10452
-5.09656
-5.08342
-5.06661
-5.04728
-5.02788
-5.0087
-4.9934
-4.9859
-4.9914
-5.00845
-5.03291
-5.05892
-5.08084
-5.09764
-5.1067
-5.1079
-5.10256
-5.09259
-5.07942
-5.06604
-5.05198
-5.03939
-5.02854
-5.02323
-5.02178
-5.02247
-5.02648
-5.03262
-5.03509
-5.0346
-5.02961
-5.0209
-5.01124
-5.00617
-5.00553
-5.01144
-5.02326
-5.03817
-5.05408
-5.06785
-5.07847
-5.08642
-5.08806
-5.08523
-5.07495
-5.0584
-5.035
-5.00951
-4.98305
-4.95896
-4.94018
-4.92821
-4.92465
-4.92855
-4.93808
-4.95072
-4.96193
-4.97473
-4.99163
-5.0179
-5.05236
-5.09068
-5.12864
-5.16049
-5.18678
-5.20538
-5.21409
-5.21549
-5.20942
-5.19605
-5.17391
-5.14598
-5.1123
-5.07495
-5.03691
-5.00039
-4.96832
-4.94163
-4.92171
-4.909
-4.89987
-4.89274
-4.887
-4.88166
-4.87763
-4.8736
-4.87443
-4.8764
-4.88003
-4.88016
-4.87589
-4.86756
-4.85883
-4.85763
-4.86953
-4.89228
-4.92053
-4.946
-4.96221
-4.96988
-4.9668
-4.95569
-4.94129
-4.92605
-4.91029
-4.89711
-4.88365
-4.8698
-4.85612
-4.84101
-4.8276
-4.81834
-4.81835
-4.83059
-4.85313
-4.88257
-4.9134
-4.94117
-4.95872
-4.96694
-4.96515
-4.95757
-4.94589
-4.93211
-4.91923
-4.90672
-4.89879
-4.89548
-4.90053
-4.91341
-4.93273
-4.95318
-4.97032
-4.9812
-4.98595
-4.98704
-4.98789
-4.99018
-4.99699
-5.00691
-5.01916
-5.03249
-5.04826
-5.06434
-5.07804
-5.08325
-5.07851
-5.06167
-5.03204
-4.99587
-4.96085
-4.93687
-4.92952
-4.93842
-4.95919
-4.98388
-5.0061
-5.02234
-5.03339
-5.0392
-5.04168
-5.04375
-5.04597
-5.04881
-5.05423
-5.06026
-5.06805
-5.07859
-5.0952
-5.1142
-5.13117
-5.14166
-5.13882
-5.12392
-5.10068
-5.07166
-5.04473
-5.02344
-5.01047
-5.00605
-5.00881
-5.01787
-5.03126
-5.04726
-5.06267
-5.07559
-5.08249
-5.08069
-5.07137
-5.05532
-5.03627
-5.01748
-5.00268
-4.99398
-4.99097
-4.99326
-4.99805
-5.00166
-5.00348
-5.0039
-5.00167
-4.99699
-4.99177
-4.98557
-4.98181
-4.98084
-4.98432
-4.99075
-4.99607
-4.99838
-4.99628
-4.98828
-4.9748
-4.96036
-4.94493
-4.93266
-4.92608
-4.92889
-4.94171
-4.96192
-4.98882
-5.01762
-5.04875
-5.07757
-5.1032
-5.12195
-5.13236
-5.13602
-5.13255
-5.12635
-5.1195
-5.11289
-5.10774
-5.1039
-5.1014
-5.0987
-5.09376
-5.08536
-5.07523
-5.06271
-5.05231
-5.04274
-5.03109
-5.01719
-5.00024
-4.98163
-4.96136
-4.94262
-4.92684
-4.91769
-4.91481
-4.92241
-4.9444
-4.97642
-5.01217
-5.04498
-5.06943
-5.08452
-5.09157
-5.09227
-5.08628
-5.0753
-5.06003
-5.04143
-5.01997
-4.99827
-4.97991
-4.96626
-4.95958
-4.95987
-4.96721
-4.97699
-4.98895
-5.00182
-5.01512
-5.02685
-5.03879
-5.04996
-5.05868
-5.06591
-5.07023
-5.07367
-5.07412
-5.07626
-5.08028
-5.08602
-5.08972
-5.09145
-5.09013
-5.08301
-5.07111
-5.05633
-5.04228
-5.02849
-5.01961
-5.01493
-5.01458
-5.01719
-5.01898
-5.02072
-5.01701
-5.00978
-4.99961
-4.98686
-4.97222
-4.9562
-4.93948
-4.9176
-4.8943
-4.87367
-4.85904
-4.85327
-4.8588
-4.87193
-4.89267
-4.91501
-4.93925
-4.95739
-4.96934
-4.97523
-4.97719
-4.9783
-4.98287
-4.99244
-5.00405
-5.01778
-5.03229
-5.04633
-5.05722
-5.06288
-5.06235
-5.0579
-5.05101
-5.0441
-5.03672
-5.03123
-5.02945
-5.03246
-5.03865
-5.04938
-5.06427
-5.07939
-5.09306
-5.10228
-5.10804
-5.10885
-5.10677
-5.09993
-5.09103
-5.08063
-5.07028
-5.06006
-5.05184
-5.04671
-5.0419
-5.03909
-5.03803
-5.03696
-5.0347
-5.0287
-5.01923
-5.00723
-4.99286
-4.97759
-4.9657
-4.95823
-4.95581
-4.95774
-4.96298
-4.9701
-4.97945
-4.99211
-5.00646
-5.02106
-5.03158
-5.0359
-5.03163
-5.01668
-4.99188
-4.96511
-4.94581
-4.94021
-4.94751
-4.96253
-4.98062
-4.99783
-5.01525
-5.02841
-5.03921
-5.04906
-5.05679
-5.06296
-5.06862
-5.06935
-5.06802
-5.06304
-5.05686
-5.048
-5.03625
-5.02191
-5.00772
-4.99574
-4.98945
-4.99227
-5.00458
-5.02531
-5.04904
-5.07689
-5.10514
-5.13258
-5.15866
-5.18285
-5.20308
-5.21653
-5.22238
-5.2196
-5.20848
-5.18947
-5.16437
-5.13929
-5.11483
-5.09093
-5.0709
-5.05437
-5.0411
-5.03138
-5.02623
-5.02423
-5.02387
-5.02101
-5.01576
-5.00639
-4.99377
-4.97834
-4.96069
-4.9434
-4.92933
-4.91775
-4.91009
-4.90566
-4.90635
-4.91188
-4.92405
-4.94623
-4.97834
-5.01761
-5.06284
-5.10202
-5.13415
-5.15277
-5.15651
-5.14272
-5.11366
-5.07453
-5.02823
-4.98227
-4.94379
-4.91864
-4.90807
-4.91026
-4.91882
-4.92867
-4.93454
-4.93637
-4.93211
-4.9236
-4.91286
-4.9011
-4.88751
-4.87274
-4.85787
-4.84476
-4.8352
-4.83365
-4.84014
-4.85124
-4.86614
-4.88001
-4.89088
-4.89692
-4.89868
-4.89668
-4.89473
-4.8973
-4.90407
-4.91376
-4.9263
-4.93946
-4.95068
-4.95931
-4.96346
-4.96537
-4.96667
-4.97051
-4.97994
-4.99711
-5.01998
-5.04581
-5.0705
-5.09412
-5.11624
-5.13615
-5.15135
-5.16042
-5.16205
-5.15784
-5.14725
-5.1324
-5.1146
-5.09578
-5.07837
-5.06179
-5.04486
-5.02844
-5.0144
-5.00868
-5.01843
-5.04267
-5.07453
-5.10387
-5.12682
-5.14016
-5.14441
-5.14213
-5.13426
-5.12344
-5.11006
-5.0966
-5.0866
-5.08257
-5.08189
-5.08526
-5.09079
-5.09384
-5.09105
-5.0789
-5.05887
-5.03267
-5.00445
-4.97736
-4.95363
-4.93764
-4.93304
-4.93546
-4.94685
-4.96318
-4.98316
-5.00315
-5.02052
-5.03462
-5.04478
-5.05124
-5.05231
-5.04811
-5.0409
-5.03451
-5.03167
-5.03461
-5.04429
-5.05919
-5.07719
-5.09554
-5.11007
-5.11874
-5.12112
-5.11693
-5.10804
-5.09852
-5.09222
-5.09056
-5.09416
-5.10004
-5.1093
-5.11982
-5.13106
-5.14107
-5.15028
-5.15272
-5.15063
-5.14002
-5.12277
-5.10411
-5.08845
-5.07824
-5.07431
-5.07944
-5.08753
-5.10069
-5.11428
-5.12505
-5.12972
-5.12588
-5.11357
-5.08863
-5.05817
-5.02612
-4.99536
-4.97003
-4.95185
-4.94174
-4.93979
-4.94688
-4.96115
-4.98134
-5.00149
-5.02126
-5.03726
-5.04833
-5.05474
-5.06128
-5.06864
-5.07549
-5.08222
-5.0908
-5.09736
-5.10438
-5.11175
-5.12096
-5.12783
-5.13234
-5.13135
-5.12547
-5.11505
-5.10118
-5.08554
-5.06899
-5.05256
-5.03945
-5.03299
-5.03099
-5.03398
-5.03404
-5.03088
-5.02151
-5.00652
-4.99049
-4.97659
-4.96732
-4.96298
-4.96431
-4.97011
-4.97922
-4.99012
-5.00365
-5.0182
-5.03532
-5.05479
-5.07641
-5.09695
-5.1153
-5.13387
-5.15172
-5.16764
-5.17908
-5.18472
-5.18486
-5.17619
-5.16095
-5.13886
-5.11027
-5.08331
-5.05825
-5.03955
-5.02943
-5.0259
-5.0274
-5.03048
-5.03111
-5.02669
-5.01879
-5.00625
-4.99075
-4.97532
-4.95959
-4.9425
-4.92245
-4.89857
-4.86867
-4.83289
-4.79529
-4.75998
-4.73878
-4.73558
-4.75115
-4.78338
-4.82519
-4.87003
-4.91277
-4.94997
-4.98066
-5.0064
-5.02475
-5.042
-5.05356
-5.05993
-5.06353
-5.06342
-5.06111
-5.05594
-5.04808
-5.03601
-5.02031
-5.00345
-4.98903
-4.9776
-4.97016
-4.9654
-4.95981
-4.95344
-4.9491
-4.94854
-4.95177
-4.95858
-4.96634
-4.97677
-4.9904
-5.00592
-5.0247
-5.04761
-5.07041
-5.09128
-5.10888
-5.11912
-5.11907
-5.10773
-5.08743
-5.0578
-5.02489
-4.99368
-4.96826
-4.9529
-4.95084
-4.96091
-4.98058
-5.00442
-5.03076
-5.0578
-5.08399
-5.11073
-5.13749
-5.15999
-5.17633
-5.18443
-5.18131
-5.16851
-5.1458
-5.11584
-5.08136
-5.04492
-5.01053
-4.98317
-4.96486
-4.95819
-4.95949
-4.96648
-4.97721
-4.98991
-5.00431
-5.02168
-5.04033
-5.06201
-5.08209
-5.09865
-5.11216
-5.1215
-5.1261
-5.12425
-5.11333
-5.09519
-5.0702
-5.0417
-5.01232
-4.98536
-4.96245
-4.94542
-4.93447
-4.92989
-4.93331
-4.94101
-4.95463
-4.97427
-4.99862
-5.02114
-5.04223
-5.05979
-5.07234
-5.0795
-5.08242
-5.08071
-5.07507
-5.06501
-5.05482
-5.04617
-5.03904
-5.03228
-5.02411
-5.01272
-4.9989
-4.98536
-4.9739
-4.97281
-4.96433
-4.96064
-4.959
-4.95963
-4.95834
-4.95562
-4.94947
-4.93891
-4.92536
-4.90983
-4.89514
-4.87981
-4.86503
-4.85172
-4.83923
-4.82665
-4.81696
-4.81133
-4.81085
-4.8132
-4.82106
-4.83539
-4.85813
-4.88829
-4.92517
-4.96589
-5.01104
-5.05755
-5.10063
-5.1341
-5.15699
-5.16916
-5.17045
-5.1644
-5.15708
-5.14972
-5.14359
-5.13701
-5.12391
-5.10455
-5.07574
-5.03928
-4.99662
-4.95472
-4.91632
-4.88313
-4.85934
-4.84456
-4.84067
-4.84595
-4.85941
-4.87787
-4.89474
-4.90761
-4.91759
-4.92652
-4.93474
-4.94265
-4.95442
-4.96885
-4.98827
-5.01308
-5.04264
-5.07206
-5.10129
-5.12472
-5.14259
-5.15374
-5.15644
-5.15313
-5.14554
-5.13611
-5.12442
-5.11179
-5.09879
-5.08855
-5.07918
-5.07378
-5.0706
-5.06539
-5.05783
-5.04449
-5.02691
-5.00476
-4.9809
-4.9603
-4.94574
-4.93644
-4.93425
-4.94047
-4.95342
-4.97094
-4.98907
-5.00482
-5.01373
-5.0122
-4.99988
-4.9796
-4.95132
-4.91821
-4.88317
-4.84985
-4.82095
-4.80169
-4.79405
-4.7995
-4.81433
-4.8354
-4.85949
-4.88162
-4.89936
-4.9139
-4.92357
-4.93207
-4.93732
-4.94117
-4.94107
-4.93716
-4.92665
-4.9112
-4.89199
-4.87265
-4.85885
-4.85484
-4.86046
-4.87407
-4.89214
-4.91373
-4.93552
-4.95431
-4.96824
-4.97821
-4.98297
-4.9854
-4.98315
-4.97916
-4.97395
-4.9725
-4.97616
-4.98724
-5.00594
-5.03135
-5.05933
-5.08579
-5.10986
-5.12966
-5.14051
-5.14328
-5.13799
-5.12205
-5.0961
-5.06294
-5.02407
-4.98286
-4.94429
-4.9112
-4.88492
-4.86694
-4.86008
-4.86347
-4.87762
-4.90094
-4.93092
-4.96499
-4.99972
-5.03576
-5.07008
-5.10228
-5.13293
-5.15832
-5.17546
-5.18568
-5.18583
-5.17789
-5.16386
-5.14465
-5.12079
-5.09403
-5.06172
-5.02403
-4.98288
-4.94355
-4.91083
-4.89259
-4.89009
-4.90131
-4.92363
-4.95059
-4.97894
-5.00384
-5.02617
-5.04676
-5.06438
-5.08127
-5.09566
-5.10593
-5.10568
-5.09753
-5.08115
-5.0582
-5.0311
-5.00317
-4.97497
-4.94898
-4.92833
-4.91744
-4.91596
-4.92273
-4.93621
-4.95098
-4.96525
-4.97895
-4.99185
-5.00262
-5.01079
-5.015
-5.01468
-5.01063
-5.00219
-4.99273
-4.98426
-4.97696
-4.9731
-4.97264
-4.97608
-4.98041
-4.98494
-4.98808
-4.98933
-4.9921
-4.99855
-5.00952
-5.02607
-5.04311
-5.05696
-5.06819
-5.0789
-5.0866
-5.09041
-5.09254
-5.08812
-5.07937
-5.06823
-5.05623
-5.04482
-5.03491
-5.0292
-5.0279
-5.03197
-5.04248
-5.05822
-5.0773
-5.09622
-5.10997
-5.11864
-5.11826
-5.11179
-5.09847
-5.08002
-5.05689
-5.03283
-5.00957
-4.98605
-4.96555
-4.94885
-4.93399
-4.92545
-4.92261
-4.92574
-4.93406
-4.94581
-4.96077
-4.97317
-4.98298
-4.98862
-4.98943
-4.9857
-4.9778
-4.96792
-4.95868
-4.95252
-4.95113
-4.95698
-4.96549
-4.97739
-4.98934
-5.00274
-5.01711
-5.03148
-5.04486
-5.05833
-5.06948
-5.07824
-5.08234
-5.07945
-5.0697
-5.05439
-5.03147
-5.00497
-4.97516
-4.94524
-4.91742
-4.89417
-4.87788
-4.87244
-4.87831
-4.8953
-4.92201
-4.95431
-4.98948
-5.02384
-5.05486
-5.07729
-5.09053
-5.09621
-5.0949
-5.09105
-5.08473
-5.07877
-5.07514
-5.0749
-5.07734
-5.08247
-5.08746
-5.09085
-5.08694
-5.07759
-5.05932
-5.03664
-5.01159
-4.98994
-4.97151
-4.9556
-4.93901
-4.91824
-4.89053
-4.86022
-4.82472
-4.79352
-4.77434
-4.77365
-4.78942
-4.81919
-4.85553
-4.89381
-4.92729
-4.95342
-4.96976
-4.98086
-4.98463
-4.9835
-4.98015
-4.97564
-4.97348
-4.97731
-4.98761
-5.00288
-5.01955
-5.0374
-5.04844
-5.05281
-5.04277
-5.019
-4.98601
-4.95493
-4.93528
-4.93364
-4.94995
-4.97875
-5.01093
-5.04013
-5.06004
-5.07038
-5.07053
-5.06268
-5.0545
-5.04538
-5.03789
-5.03107
-5.0239
-5.01377
-4.9991
-4.9816
-4.96288
-4.94697
-4.93775
-4.9375
-4.94944
-4.97062
-4.99801
-5.02725
-5.05398
-5.07773
-5.09803
-5.1133
-5.12244
-5.12328
-5.11522
-5.09846
-5.074
-5.04496
-5.01841
-5.00551
-5.01207
-5.03477
-5.06514
-5.09492
-5.12004
-5.14028
-5.15477
-5.16611
-5.1742
-5.17674
-5.17536
-5.16959
-5.15805
-5.14227
-5.1248
-5.10984
-5.09833
-5.09221
-5.09166
-5.09458
-5.09646
-5.09605
-5.09275
-5.08593
-5.0768
-5.06636
-5.05444
-5.04443
-5.035
-5.02613
-5.01536
-5.00146
-4.98671
-4.97311
-4.96684
-4.96905
-4.97965
-4.99712
-5.01416
-5.02608
-5.03237
-5.03465
-5.03642
-5.03914
-5.04813
-5.06289
-5.07886
-5.09288
-5.1036
-5.10835
-5.10573
-5.09418
-5.07435
-5.04741
-5.01375
-4.97853
-4.94082
-4.90734
-4.88155
-4.86664
-4.86634
-4.88168
-4.90937
-4.94332
-4.97923
-5.0098
-5.03006
-5.03853
-5.03828
-5.03157
-5.02312
-5.01575
-5.00944
-5.00588
-5.00455
-5.00693
-5.01225
-5.01881
-5.02613
-5.03371
-5.03995
-5.04396
-5.04644
-5.04791
-5.0488
-5.04634
-5.04452
-5.04108
-5.03565
-5.0244
-5.00575
-4.97861
-4.94104
-4.89601
-4.84928
-4.80746
-4.77576
-4.76008
-4.75869
-4.7699
-4.79023
-4.81694
-4.8475
-4.88189
-4.91513
-4.94624
-4.97467
-5.00047
-5.01992
-5.03185
-5.03467
-5.03074
-5.02072
-5.0106
-5.00131
-4.99709
-4.99384
-4.99179
-4.98788
-4.98047
-4.96828
-4.95424
-4.93844
-4.92216
-4.90987
-4.90484
-4.90804
-4.91667
-4.92864
-4.94325
-4.96127
-4.98792
-5.02256
-5.06043
-5.0949
-5.12263
-5.13866
-5.14193
-5.13132
-5.10676
-5.07215
-5.02966
-4.9841
-4.94104
-4.90959
-4.89477
-4.89968
-4.91829
-4.94321
-4.96889
-4.99079
-5.00703
-5.02051
-5.03278
-5.04393
-5.05668
-5.07108
-5.085
-5.09667
-5.10355
-5.10459
-5.09855
-5.08747
-5.0697
-5.04577
-5.01804
-4.9891
-4.96412
-4.94167
-4.92766
-4.92006
-4.92132
-4.93094
-4.94814
-4.97095
-4.99833
-5.02541
-5.05159
-5.0736
-5.09322
-5.10639
-5.11335
-5.1143
-5.10865
-5.09443
-5.06724
-5.03104
-4.99636
-4.97385
-4.97452
-4.99552
-5.02451
-5.05176
-5.06693
-5.07232
-5.06763
-5.05139
-5.02677
-4.99426
-4.95477
-4.91422
-4.88003
-4.85594
-4.8464
-4.85333
-4.8758
-4.91233
-4.95831
-5.00611
-5.04803
-5.08039
-5.10184
-5.1122
-5.11623
-5.11523
-5.11093
-5.1029
-5.09066
-5.07475
-5.05699
-5.04163
-5.03272
-5.0301
-5.03528
-5.04745
-5.06154
-5.07143
-5.07525
-5.0694
-5.05201
-5.02165
-4.98348
-4.94073
-4.90144
-4.87001
-4.85244
-4.84738
-4.85269
-4.86554
-4.88108
-4.89264
-4.89904
-4.90239
-4.90437
-4.91014
-4.92206
-4.94046
-4.96613
-4.99694
-5.02991
-5.06013
-5.08514
-5.10534
-5.11815
-5.12587
-5.13146
-5.13675
-5.14169
-5.14772
-5.15045
-5.14929
-5.14187
-5.13149
-5.12184
-5.11353
-5.1096
-5.10626
-5.10358
-5.09751
-5.09011
-5.08052
-5.06941
-5.05926
-5.05013
-5.04265
-5.03609
-5.03348
-5.03076
-5.02663
-5.02051
-5.01024
-4.99472
-4.97534
-4.95504
-4.94164
-4.93645
-4.9419
-4.95803
-4.98063
-5.0093
-5.0406
-5.0704
-5.09755
-5.12074
-5.14104
-5.15711
-5.16936
-5.1785
-5.18486
-5.1907
-5.19596
-5.19857
-5.19871
-5.1924
-5.17804
-5.15084
-5.11341
-5.07226
-5.03987
-5.01922
-5.01095
-5.00756
-5.0046
-5.00312
-5.00279
-5.00313
-5.00337
-5.00134
-4.99287
-4.97811
-4.95824
-4.93404
-4.91203
-4.89359
-4.88571
-4.88543
-4.88991
-4.89773
-4.90644
-4.91752
-4.93051
-4.94956
-4.96994
-4.99153
-5.0101
-5.02348
-5.03008
-5.02744
-5.01615
-5.00008
-4.98353
-4.97238
-4.96765
-4.97096
-4.98357
-4.99981
-5.01349
-5.0207
-5.01977
-5.00822
-4.98824
-4.96329
-4.93299
-4.90303
-4.8754
-4.85213
-4.83531
-4.82905
-4.83908
-4.86284
-4.89951
-4.94404
-4.98882
-5.0276
-5.05519
-5.06985
-5.07087
-5.06265
-5.04448
-5.0216
-4.99924
-4.97905
-4.96584
-4.9605
-4.96346
-4.97289
-4.9868
-5.0006
-5.01001
-5.01539
-5.01365
-5.00221
-4.98368
-4.95841
-4.93272
-4.91067
-4.89655
-4.89309
-4.89702
-4.90401
-4.9105
-4.91186
-4.90993
-4.90366
-4.89608
-4.88958
-4.88693
-4.88675
-4.89268
-4.90293
-4.91515
-4.93122
-4.94828
-4.9666
-4.98626
-5.00648
-5.02654
-5.04489
-5.06092
-5.07117
-5.07492
-5.07424
-5.07085
-5.06562
-5.06259
-5.06338
-5.06786
-5.07314
-5.07618
-5.07905
-5.0763
-5.07049
-5.0637
-5.05893
-5.05634
-5.0563
-5.06066
-5.06991
-5.08094
-5.09216
-5.10006
-5.10676
-5.11149
-5.11461
-5.1185
-5.12224
-5.12769
-5.1333
-5.14121
-5.15083
-5.16316
-5.17677
-5.19087
-5.20241
-5.21138
-5.21402
-5.21229
-5.20536
-5.1923
-5.17327
-5.1507
-5.1248
-5.09721
-5.06938
-5.04202
-5.02146
-5.00611
-4.99929
-5.00006
-5.00931
-5.02561
-5.04437
-5.06445
-5.08258
-5.09643
-5.1085
-5.11516
-5.11717
-5.11331
-5.10277
-5.08756
-5.06945
-5.05221
-5.03882
-5.03352
-5.03902
-5.05971
-5.09357
-5.13659
-5.18043
-5.21688
-5.23968
-5.25064
-5.24922
-5.23851
-5.22228
-5.20259
-5.18051
-5.15284
-5.11946
-5.08193
-5.04245
-5.00352
-4.9686
-4.94177
-4.92438
-4.91658
-4.91972
-4.93427
-4.95654
-4.98365
-5.01398
-5.04249
-5.06981
-5.08939
-5.10053
-5.10196
-5.09247
-5.07798
-5.06203
-5.04916
-5.04018
-5.03453
-5.03345
-5.03323
-5.0333
-5.03429
-5.0339
-5.02966
-5.01975
-5.00141
-4.97544
-4.94611
-4.91751
-4.89685
-4.88964
-4.9009
-4.92564
-4.95683
-4.98741
-5.01202
-5.02845
-5.03582
-5.03557
-5.03156
-5.02442
-5.02073
-5.02281
-5.03262
-5.04926
-5.0694
-5.08727
-5.10183
-5.10822
-5.10642
-5.09382
-5.07182
-5.04172
-5.00657
-4.96865
-4.93232
-4.90486
-4.89054
-4.89166
-4.91136
-4.94582
-4.98937
-5.03534
-5.07971
-5.11688
-5.14215
-5.15483
-5.15223
-5.13776
-5.10941
-5.07339
-5.03742
-5.00329
-4.97399
-4.94937
-4.92493
-4.90214
-4.88206
-4.87124
-4.87178
-4.88388
-4.90122
-4.91964
-4.93265
-4.93967
-4.93633
-4.92538
-4.90824
-4.88833
-4.86821
-4.85294
-4.84384
-4.84598
-4.86008
-4.88601
-4.92261
-4.96553
-5.01352
-5.06157
-5.1057
-5.14073
-5.16506
-5.16678
-5.183
-5.18758
-5.18374
-5.17194
-5.15498
-5.13468
-5.1132
-5.09107
-5.07027
-5.05513
-5.04729
-5.05029
-5.06111
-5.0809
-5.10642
-5.13351
-5.1605
-5.18686
-5.21098
-5.23136
-5.24716
-5.25544
-5.25446
-5.2405
-5.21672
-5.18381
-5.14692
-5.11421
-5.09063
-5.08219
-5.0834
-5.09065
-5.09888
-5.10475
-5.10985
-5.11258
-5.11371
-5.11444
-5.12187
-5.13348
-5.15353
-5.17579
-5.19983
-5.22055
-5.23603
-5.24783
-5.25513
-5.25925
-5.26175
-5.26236
-5.26117
-5.26164
-5.26327
-5.26159
-5.25354
-5.23741
-5.21226
-5.17727
-5.13357
-5.08731
-5.03693
-4.99245
-4.95492
-4.9298
-4.91887
-4.9229
-4.94193
-4.9713
-5.00634
-5.04255
-5.07637
-5.10344
-5.1234
-5.13381
-5.13677
-5.13256
-5.11987
-5.09861
-5.07156
-5.04104
-5.0102
-4.98383
-4.96542
-4.9549
-4.95178
-4.95275
-4.95845
-4.96642
-4.97615
-4.98935
-5.00422
-5.01756
-5.02857
-5.03804
-5.04352
-5.05068
-5.06273
-5.07933
-5.096
-5.11053
-5.11963
-5.12109
-5.11625
-5.10802
-5.10209
-5.10255
-5.11248
-5.1265
-5.14209
-5.15909
-5.17192
-5.18126
-5.18811
-5.19348
-5.19406
-5.19374
-5.1922
-5.19219
-5.19245
-5.19079
-5.18755
-5.18116
-5.17323
-5.16299
-5.15391
-5.14619
-5.14401
-5.14468
-5.14672
-5.14687
-5.14442
-5.13389
-5.11589
-5.09179
-5.0644
-5.03577
-5.0108
-4.99531
-4.99506
-5.01081
-5.04036
-5.0775
-5.11513
-5.14573
-5.16308
-5.16642
-5.15957
-5.14072
-5.11867
-5.09557
-5.07555
-5.06254
-5.05332
-5.04857
-5.04451
-5.03928
-5.03407
-5.02752
-5.02119
-5.01874
-5.02151
-5.03005
-5.04243
-5.05641
-5.06821
-5.0771
-5.08366
-5.08801
-5.0927
-5.10119
-5.11479
-5.13274
-5.14951
-5.159
-5.1604
-5.1531
-5.13948
-5.12392
-5.1097
-5.09776
-5.09089
-5.08819
-5.08721
-5.08672
-5.08694
-5.08855
-5.09084
-5.09589
-5.10105
-5.10516
-5.1079
-5.10942
-5.10865
-5.10571
-5.10118
-5.09354
-5.08205
-5.06753
-5.055
-5.04572
-5.04718
-5.06036
-5.08202
-5.10787
-5.13065
-5.14695
-5.15515
-5.15776
-5.15591
-5.1531
-5.15054
-5.14844
-5.1484
-5.14814
-5.14566
-5.142
-5.13973
-5.13846
-5.14038
-5.14525
-5.15239
-5.15972
-5.16677
-5.1764
-5.18837
-5.20407
-5.22269
-5.24108
-5.25561
-5.26217
-5.25807
-5.23997
-5.20942
-5.16944
-5.1261
-5.08597
-5.05472
-5.03736
-5.03337
-5.04153
-5.06021
-5.08309
-5.10405
-5.12049
-5.12974
-5.13186
-5.1319
-5.13255
-5.13541
-5.14117
-5.14667
-5.15285
-5.157
-5.15849
-5.161
-5.16386
-5.16709
-5.16678
-5.16084
-5.14659
-5.12595
-5.10215
-5.07861
-5.05412
-5.02987
-5.0062
-4.98583
-4.96759
-4.95339
-4.94584
-4.94621
-4.95135
-4.96047
-4.97352
-4.98743
-5.00364
-5.02008
-5.03638
-5.05334
-5.06945
-5.08278
-5.09386
-5.10011
-5.1027
-5.10249
-5.0992
-5.09609
-5.09467
-5.09157
-5.08533
-5.07469
-5.05943
-5.0409
-5.02006
-5.00013
-4.98429
-4.97423
-4.97149
-4.9759
-4.98858
-5.00451
-5.02395
-5.04426
-5.06326
-5.08054
-5.09623
-5.10763
-5.1152
-5.11591
-5.11072
-5.10129
-5.08973
-5.07889
-5.06959
-5.06498
-5.06691
-5.07479
-5.08819
-5.10443
-5.12024
-5.13408
-5.14511
-5.15207
-5.15429
-5.15296
-5.14851
-5.13956
-5.12598
-5.10934
-5.09314
-5.07786
-5.06806
-5.0644
-5.06637
-5.07368
-5.08621
-5.09755
-5.10521
-5.10682
-5.10146
-5.08969
-5.07319
-5.04976
-5.02537
-5.00547
-5.00149
-5.0195
-5.0563
-5.10512
-5.15541
-5.19776
-5.22853
-5.24374
-5.24437
-5.23143
-5.20834
-5.17954
-5.15221
-5.12987
-5.11321
-5.10036
-5.0906
-5.08272
-5.07616
-5.07417
-5.07487
-5.08106
-5.09059
-5.1033
-5.12005
-5.13854
-5.15724
-5.1745
-5.18701
-5.19664
-5.1998
-5.19636
-5.18804
-5.17374
-5.15564
-5.13626
-5.11891
-5.10923
-5.1058
-5.10908
-5.11565
-5.1233
-5.12924
-5.13057
-5.12524
-5.11573
-5.10061
-5.08347
-5.06667
-5.05366
-5.04583
-5.04411
-5.04661
-5.05029
-5.05333
-5.05245
-5.04754
-5.03604
-5.02182
-5.00637
-4.99221
-4.98219
-4.97758
-4.97783
-4.98269
-4.9897
-4.99952
-5.01167
-5.0265
-5.04528
-5.06607
-5.08825
-5.10925
-5.13008
-5.14834
-5.16349
-5.17675
-5.1871
-5.1929
-5.19526
-5.19254
-5.1843
-5.16975
-5.15004
-5.12602
-5.09859
-5.07041
-5.04323
-5.01843
-4.99601
-4.97799
-4.96883
-4.96845
-4.97761
-4.99569
-5.01702
-5.03763
-5.05536
-5.06698
-5.07224
-5.07438
-5.07376
-5.0712
-5.06829
-5.06586
-5.06244
-5.06111
-5.05983
-5.05768
-5.0573
-5.05666
-5.05511
-5.052
-5.04646
-5.03833
-5.02626
-5.01269
-4.99894
-4.98602
-4.97705
-4.97301
-4.97414
-4.98439
-4.99959
-5.01945
-5.04161
-5.06479
-5.08392
-5.09814
-5.10592
-5.10888
-5.10871
-5.10743
-5.10847
-5.11114
-5.11939
-5.1311
-5.14518
-5.16093
-5.17301
-5.18173
-5.18802
-5.19081
-5.19113
-5.19062
-5.19051
-5.19254
-5.19623
-5.20339
-5.21356
-5.22337
-5.2328
-5.23778
-5.2377
-5.23536
-5.23067
-5.22356
-5.21537
-5.20589
-5.1988
-5.1921
-5.18703
-5.18441
-5.18478
-5.18508
-5.18739
-5.18751
-5.18556
-5.18161
-5.17232
-5.16159
-5.14951
-5.1384
-5.12825
-5.11926
-5.11066
-5.10446
-5.101
-5.09768
-5.09782
-5.09943
-5.10292
-5.10796
-5.11221
-5.11588
-5.11675
-5.11336
-5.10386
-5.08928
-5.07036
-5.04699
-5.02071
-4.99261
-4.9652
-4.94228
-4.92434
-4.91236
-4.90745
-4.90787
-4.91243
-4.92207
-4.93508
-4.95432
-4.97834
-5.00329
-5.02711
-5.04942
-5.0663
-5.07748
-5.08398
-5.08646
-5.08672
-5.08541
-5.08339
-5.08243
-5.0815
-5.08008
-5.07941
-5.0807
-5.08578
-5.09407
-5.10473
-5.11748
-5.1341
-5.15156
-5.16836
-5.185
-5.2002
-5.21055
-5.21669
-5.21633
-5.20895
-5.19734
-5.17868
-5.1593
-5.13975
-5.12752
-5.12418
-5.1289
-5.13907
-5.14758
-5.15304
-5.15389
-5.1497
-5.14238
-5.13351
-5.12238
-5.11094
-5.10128
-5.09545
-5.09603
-5.10315
-5.11165
-5.11874
-5.12
-5.11658
-5.10712
-5.09412
-5.07546
-5.05427
-5.0289
-5.00561
-4.98668
-4.97495
-4.97073
-4.97583
-4.98696
-4.99997
-5.01118
-5.01769
-5.02055
-5.01684
-5.00953
-5.00026
-4.99293
-4.98866
-4.98669
-4.98731
-4.99005
-4.9913
-4.99235
-4.99203
-4.98906
-4.98671
-4.98496
-4.9873
-4.99288
-5.00318
-5.01846
-5.03382
-5.0511
-5.06723
-5.08238
-5.09727
-5.11203
-5.12856
-5.1474
-5.16487
-5.17842
-5.19058
-5.19825
-5.20027
-5.19646
-5.18666
-5.17261
-5.15677
-5.14056
-5.12893
-5.12239
-5.12046
-5.12208
-5.12626
-5.12971
-5.13088
-5.13041
-5.12818
-5.12617
-5.12536
-5.12299
-5.12182
-5.11826
-5.11393
-5.1064
-5.09722
-5.08635
-5.07362
-5.06059
-5.04742
-5.03695
-5.02602
-5.01714
-5.01186
-5.00975
-5.01049
-5.01374
-5.02121
-5.0327
-5.04759
-5.06585
-5.08604
-5.10593
-5.12557
-5.14164
-5.15393
-5.15957
-5.16041
-5.15469
-5.14215
-5.12444
-5.10294
-5.08024
-5.05604
-5.03643
-5.01989
-5.0088
-5.00337
-5.00146
-5.00339
-5.00646
-5.01056
-5.01363
-5.01158
-5.00286
-4.99152
-4.97948
-4.97038
-4.96771
-4.96953
-4.97364
-4.97615
-4.97764
-4.97555
-4.97141
-4.96492
-4.9576
-4.95067
-4.94668
-4.94645
-4.94942
-4.95472
-4.96384
-4.97501
-4.9878
-5.00243
-5.01879
-5.03478
-5.04958
-5.06343
-5.07331
-5.08147
-5.08827
-5.09463
-5.10005
-5.10503
-5.10851
-5.10976
-5.108
-5.10278
-5.09445
-5.08551
-5.07214
-5.05996
-5.05198
-5.04751
-5.04494
-5.04446
-5.04124
-5.0383
-5.03269
-5.02811
-5.02239
-5.01577
-5.01002
-5.00248
-4.99751
-4.99283
-4.99121
-4.99282
-4.99649
-5.00338
-5.01299
-5.02296
-5.03414
-5.04659
-5.05933
-5.07057
-5.08103
-5.08714
-5.08815
-5.08445
-5.07202
-5.05286
-5.02973
-5.00552
-4.98326
-4.96681
-4.95569
-4.95052
-4.95419
-4.96899
-4.99916
-5.04404
-5.09904
-5.15488
-5.20578
-5.24589
-5.27355
-5.29099
-5.29685
-5.29349
-5.28268
-5.26685
-5.24799
-5.22679
-5.20484
-5.18173
-5.15824
-5.13604
-5.11541
-5.09763
-5.08454
-5.07653
-5.07377
-5.07665
-5.08015
-5.08515
-5.08983
-5.09726
-5.10518
-5.11485
-5.12296
-5.1291
-5.13223
-5.12931
-5.12023
-5.1037
-5.07977
-5.0501
-5.01787
-4.98572
-4.95803
-4.93518
-4.92161
-4.91635
-4.92227
-4.93579
-4.95769
-4.98355
-5.01015
-5.03708
-5.05984
-5.07551
-5.08449
-5.08799
-5.08667
-5.08364
-5.08199
-5.08177
-5.08599
-5.09101
-5.09708
-5.10132
-5.10221
-5.09651
-5.08671
-5.07335
-5.06314
-5.05864
-5.06134
-5.06997
-5.0837
-5.0984
-5.11373
-5.12589
-5.13716
-5.14452
-5.14799
-5.14863
-5.14711
-5.14567
-5.1446
-5.14091
-5.13538
-5.12647
-5.11346
-5.09418
-5.06808
-5.03717
-5.00262
-4.97034
-4.94135
-4.92031
-4.91126
-4.91023
-4.91772
-4.92913
-4.94311
-4.95453
-4.96495
-4.97091
-4.97241
-4.96943
-4.96311
-4.9552
-4.94624
-4.93929
-4.93623
-4.93891
-4.94924
-4.96595
-4.98623
-5.00946
-5.03195
-5.05082
-5.06629
-5.0766
-5.0815
-5.08342
-5.08241
-5.08295
-5.08469
-5.0896
-5.0959
-5.10171
-5.10545
-5.10419
-5.09719
-5.08221
-5.06143
-5.03514
-5.00777
-4.98299
-4.96495
-4.95807
-4.96526
-4.98298
-5.00651
-5.02867
-5.04533
-5.0519
-5.05291
-5.05177
-5.05313
-5.05854
-5.06786
-5.07878
-5.08911
-5.09959
-5.1095
-5.11861
-5.12953
-5.14084
-5.15369
-5.16662
-5.17884
-5.19213
-5.20383
-5.21705
-5.22744
-5.23552
-5.23936
-5.23836
-5.2352
-5.22671
-5.21707
-5.20419
-5.1881
-5.16951
-5.14837
-5.12833
-5.11286
-5.10294
-5.0987
-5.09841
-5.10081
-5.105
-5.10807
-5.10884
-5.10762
-5.10378
-5.09661
-5.08574
-5.07428
-5.06334
-5.05319
-5.04662
-5.0447
-5.04855
-5.05728
-5.06763
-5.07828
-5.08807
-5.09529
-5.10217
-5.10619
-5.10745
-5.10498
-5.0969
-5.08581
-5.07375
-5.06186
-5.05198
-5.04442
-5.03771
-5.0311
-5.02336
-5.01734
-5.01174
-5.00623
-4.9999
-4.99585
-4.99142
-4.98942
-4.99013
-4.99477
-4.9956
-5.00769
-5.02149
-5.03306
-5.03742
-5.03218
-5.01717
-4.99596
-4.97153
-4.95106
-4.93729
-4.93296
-4.93703
-4.94673
-4.96214
-4.97814
-4.99397
-5.00882
-5.02202
-5.0326
-5.03935
-5.04191
-5.03885
-5.02935
-5.01156
-4.98793
-4.96048
-4.93588
-4.91697
-4.90478
-4.89992
-4.90223
-4.90937
-4.92041
-4.93311
-4.94519
-4.95935
-4.97576
-4.99458
-5.01676
-5.03972
-5.06275
-5.08116
-5.09658
-5.10773
-5.11189
-5.10946
-5.1027
-5.09242
-5.0764
-5.05744
-5.03606
-5.01052
-4.97977
-4.94421
-4.90992
-4.89022
-4.89298
-4.91902
-4.95624
-4.99165
-5.01849
-5.03474
-5.04134
-5.03718
-5.02474
-5.00546
-4.97889
-4.94804
-4.91683
-4.88553
-4.85966
-4.84229
-4.83642
-4.8438
-4.86337
-4.89425
-4.92843
-4.95779
-4.97866
-4.98532
-4.97734
-4.96067
-4.94101
-4.92438
-4.91709
-4.91935
-4.92839
-4.94389
-4.96099
-4.97525
-4.98534
-4.99114
-4.99481
-4.9964
-4.99695
-4.99328
-4.98764
-4.9797
-4.97048
-4.96212
-4.95651
-4.95588
-4.96161
-4.97324
-4.99007
-5.00729
-5.02252
-5.03029
-5.02945
-5.01999
-5.00139
-4.97591
-4.94996
-4.93126
-4.92268
-4.92594
-4.93876
-4.95736
-4.97923
-5.00283
-5.02705
-5.04978
-5.06786
-5.08317
-5.09457
-5.10316
-5.11016
-5.11295
-5.10924
-5.09885
-5.0816
-5.06084
-5.03837
-5.01816
-4.99993
-4.98448
-4.9739
-4.97084
-4.97651
-4.98907
-5.00725
-5.02793
-5.04797
-5.06622
-5.08013
-5.08934
-5.09599
-5.10034
-5.10116
-5.10081
-5.09528
-5.08615
-5.07558
-5.06192
-5.05046
-5.0416
-5.03734
-5.03653
-5.03955
-5.04463
-5.04889
-5.04998
-5.04784
-5.04188
-5.03141
-5.01873
-5.00494
-4.99095
-4.97942
-4.97194
-4.971
-4.9776
-4.99085
-5.00912
-5.03136
-5.05492
-5.07694
-5.09533
-5.11074
-5.11949
-5.12023
-5.11372
-5.10048
-5.08167
-5.05943
-5.03795
-5.02246
-5.011
-5.0075
-5.00941
-5.01154
-5.01245
-5.01273
-5.01115
-5.01181
-5.0159
-5.0247
-5.03451
-5.03833
-5.03357
-5.02198
-5.00656
-4.99439
-4.99005
-4.99482
-5.00737
-5.02611
-5.04208
-5.0517
-5.05542
-5.04783
-5.03331
-5.01826
-5.00585
-5.00202
-5.00883
-5.02543
-5.0483
-5.07444
-5.0987
-5.11925
-5.13359
-5.14252
-5.14209
-5.1335
-5.12022
-5.10296
-5.0832
-5.0649
-5.04731
-5.03038
-5.01199
-4.98989
-4.96272
-4.92911
-4.88779
-4.84276
-4.80186
-4.77348
-4.76422
-4.76997
-4.78655
-4.80572
-4.82695
-4.84722
-4.86964
-4.89256
-4.91531
-4.93591
-4.95399
-4.97048
-4.98477
-4.99742
-5.00711
-5.0149
-5.02116
-5.02619
-5.03052
-5.03504
-5.03947
-5.04258
-5.04418
-5.04105
-5.03556
-5.02612
-5.01545
-5.00506
-4.99157
-4.97643
-4.9604
-4.94521
-4.93315
-4.92453
-4.92027
-4.921
-4.92089
-4.92139
-4.92056
-4.91726
-4.91348
-4.90862
-4.90075
-4.8878
-4.86969
-4.84622
-4.8192
-4.79282
-4.77273
-4.76335
-4.76838
-4.78821
-4.82179
-4.86262
-4.90549
-4.94494
-4.97956
-5.00575
-5.02264
-5.02904
-5.02543
-5.01008
-4.98575
-4.95435
-4.919
-4.88694
-4.86134
-4.84442
-4.83748
-4.83742
-4.84438
-4.85453
-4.86536
-4.87585
-4.88362
-4.88783
-4.89041
-4.89129
-4.89835
-4.91421
-4.93974
-4.97129
-5.00413
-5.03464
-5.05827
-5.07471
-5.0807
-5.07941
-5.07529
-5.07438
-5.07866
-5.08664
-5.09411
-5.09695
-5.09402
-5.08847
-5.08042
-5.07384
-5.07094
-5.07318
-5.07973
-5.08723
-5.09503
-5.09752
-5.0963
-5.08857
-5.07463
-5.05626
-5.03412
-5.01196
-4.99269
-4.97964
-4.9727
-4.97227
-4.97671
-4.98527
-4.99512
-5.00372
-5.0098
-5.01222
-5.01292
-5.00962
-5.00535
-5.00041
-4.99476
-4.99209
-4.98905
-4.9852
-4.97795
-4.96522
-4.94745
-4.92834
-4.91143
-4.90223
-4.90378
-4.91838
-4.94139
-4.97136
-5.00257
-5.02975
-5.05125
-5.06717
-5.07724
-5.08152
-5.0834
-5.08533
-5.08975
-5.09657
-5.10489
-5.11393
-5.12292
-5.12792
-5.12911
-5.12432
-5.11577
-5.10322
-5.08787
-5.06937
-5.05073
-5.03243
-5.01615
-5.00311
-4.99244
-4.98488
-4.97971
-4.97777
-4.97964
-4.98662
-5.00074
-5.01912
-5.04419
-5.07213
-5.10116
-5.12957
-5.15409
-5.17168
-5.17956
-5.1779
-5.16691
-5.147
-5.12206
-5.09493
-5.07021
-5.05051
-5.03595
-5.02689
-5.01991
-5.01062
-4.99704
-4.97893
-4.95421
-4.92782
-4.90426
-4.88553
-4.87474
-4.87339
-4.8817
-4.8949
-4.91061
-4.92503
-4.93507
-4.94181
-4.94536
-4.94684
-4.94734
-4.94691
-4.94664
-4.94811
-4.95209
-4.95862
-4.96679
-4.97453
-4.98079
-4.98628
-4.99099
-4.9955
-5.00092
-5.00639
-5.01005
-5.01166
-5.00997
-5.00542
-4.999
-4.99368
-4.99349
-4.9993
-5.01412
-5.03542
-5.06079
-5.08495
-5.10567
-5.11823
-5.12317
-5.12122
-5.11601
-5.1098
-5.10828
-5.11186
-5.11868
-5.12802
-5.13338
-5.13365
-5.13072
-5.12458
-5.11705
-5.11083
-5.10358
-5.09884
-5.09434
-5.09086
-5.08922
-5.08792
-5.08796
-5.08867
-5.08769
-5.08235
-5.07298
-5.06105
-5.0458
-5.02982
-5.0128
-4.99977
-4.99287
-4.99501
-5.00472
-5.02216
-5.0445
-5.067
-5.08852
-5.1043
-5.11548
-5.1194
-5.1177
-5.11036
-5.09704
-5.07538
-5.04998
-5.02349
-4.99668
-4.97447
-4.95854
-4.94815
-4.94513
-4.94664
-4.94952
-4.95393
-4.95847
-4.96406
-4.96907
-4.97071
-4.96936
-4.96109
-4.94823
-4.93157
-4.91422
-4.89919
-4.89062
-4.89173
-4.90029
-4.91562
-4.93417
-4.95247
-4.97006
-4.98404
-4.99872
-5.01469
-5.03515
-5.05755
-5.07834
-5.09438
-5.10126
-5.0978
-5.08285
-5.06181
-5.03607
-5.01175
-4.99163
-4.97713
-4.97087
-4.97223
-4.98038
-4.99101
-5.00417
-5.01664
-5.02884
-5.03705
-5.04068
-5.03916
-5.0362
-5.03331
-5.03277
-5.03813
-5.04978
-5.06877
-5.09091
-5.11112
-5.12614
-5.13418
-5.13521
-5.12924
-5.12031
-5.11031
-5.10163
-5.09554
-5.09456
-5.09909
-5.10582
-5.11357
-5.11924
-5.12173
-5.1197
-5.11106
-5.0954
-5.07492
-5.05018
-5.02743
-5.0109
-5.00119
-4.99955
-5.00248
-5.00724
-5.01093
-5.00929
-5.00328
-4.99083
-4.97558
-4.96391
-4.96025
-4.96614
-4.98124
-4.9979
-5.01086
-5.01833
-5.0176
-5.01099
-4.99734
-4.97849
-4.95602
-4.93467
-4.91588
-4.90358
-4.89786
-4.9002
-4.91069
-4.93125
-4.9588
-4.99293
-5.03114
-5.06958
-5.09989
-5.11968
-5.12561
-5.11905
-5.1013
-5.07588
-5.0468
-5.01487
-4.98488
-4.95695
-4.9325
-4.91092
-4.89215
-4.87766
-4.8686
-4.86667
-4.87444
-4.89097
-4.91232
-4.93734
-4.9582
-4.97131
-4.97571
-4.97536
-4.97412
-4.97257
-4.97321
-4.97519
-4.97795
-4.9806
-4.98072
-4.97946
-4.97774
-4.977
-4.97565
-4.97588
-4.97937
-4.98622
-4.99585
-5.0064
-5.01784
-5.02823
-5.03377
-5.03516
-5.02955
-5.01579
-4.99261
-4.95954
-4.91654
-4.86601
-4.81584
-4.77642
-4.75578
-4.75992
-4.7887
-4.83498
-4.88644
-4.93661
-4.97964
-5.01353
-5.03583
-5.04909
-5.05622
-5.05942
-5.06139
-5.06198
-5.06101
-5.05824
-5.05229
-5.04364
-5.03236
-5.01891
-5.00483
-4.99135
-4.98087
-4.97135
-4.96242
-4.95558
-4.95083
-4.94576
-4.94221
-4.93946
-4.93861
-4.93831
-4.94283
-4.95114
-4.9639
-4.98008
-4.99736
-5.01512
-5.03395
-5.05262
-5.07128
-5.09076
-5.1086
-5.12238
-5.13254
-5.13515
-5.13012
-5.11717
-5.09788
-5.07229
-5.0435
-5.01455
-4.98864
-4.97206
-4.9643
-4.96814
-4.9808
-5.0021
-5.02829
-5.05581
-5.08129
-5.0997
-5.11016
-5.11189
-5.10848
-5.10224
-5.09468
-5.08923
-5.08573
-5.08299
-5.08153
-5.07926
-5.07818
-5.07449
-5.06985
-5.06478
-5.0606
-5.0573
-5.05383
-5.04724
-5.0377
-5.02443
-5.00714
-4.98982
-4.97866
-4.97703
-4.98676
-5.00628
-5.03232
-5.05813
-5.08154
-5.10123
-5.11817
-5.12896
-5.1342
-5.13507
-5.12692
-5.11098
-5.08791
-5.05976
-5.03044
-5.00105
-4.97561
-4.95609
-4.94385
-4.93952
-4.94137
-4.95077
-4.96372
-4.97989
-4.99562
-5.00551
-5.00963
-5.00563
-4.99426
-4.98335
-4.98023
-4.98661
-4.99896
-5.01622
-5.03603
-5.05241
-5.05964
-5.05818
-5.04695
-5.03284
-5.01852
-5.01183
-5.0159
-5.03331
-5.0604
-5.0904
-5.11858
-5.13746
-5.14453
-5.13789
-5.11791
-5.08498
-5.04304
-4.99475
-4.94323
-4.8993
-4.86803
-4.85537
-4.86102
-4.8837
-4.92001
-4.962
-5.00235
-5.03773
-5.06223
-5.07647
-5.07858
-5.07098
-5.05597
-5.036
-5.0155
-4.99564
-4.97906
-4.96514
-4.95556
-4.95086
-4.9533
-4.95838
-4.96624
-4.97583
-4.98769
-4.9982
-5.00902
-5.02231
-5.0377
-5.054
-5.07213
-5.08965
-5.10314
-5.11338
-5.11767
-5.11493
-5.10616
-5.09384
-5.07858
-5.06391
-5.04833
-5.03266
-5.01602
-4.99998
-4.98565
-4.97529
-4.96971
-4.96699
-4.96514
-4.96351
-4.9588
-4.95156
-4.94107
-4.93088
-4.92207
-4.9158
-4.91447
-4.91643
-4.92191
-4.92876
-4.93273
-4.93173
-4.9255
-4.91475
-4.90044
-4.88827
-4.8834
-4.88975
-4.90903
-4.93838
-4.97075
-5.00154
-5.02718
-5.04669
-5.06052
-5.06956
-5.07349
-5.07283
-5.06561
-5.05133
-5.03022
-5.00562
-4.97916
-4.95452
-4.93698
-4.92811
-4.92691
-4.93364
-4.94659
-4.96218
-4.97731
-4.9918
-5.00361
-5.01124
-5.01312
-5.00772
-4.99671
-4.98124
-4.96462
-4.94861
-4.93867
-4.93854
-4.94845
-4.9686
-4.9959
-5.02743
-5.0608
-5.09133
-5.11464
-5.12976
-5.13191
-5.11984
-5.09595
-5.06189
-5.0213
-4.9773
-4.93566
-4.89775
-4.86524
-4.83977
-4.82076
-4.80872
-4.80483
-4.80955
-4.82145
-4.83893
-4.85842
-4.87498
-4.88625
-4.88846
-4.88171
-4.87149
-4.86044
-4.85554
-4.85602
-4.86492
-4.88078
-4.89912
-4.91686
-4.93316
-4.94666
-4.95949
-4.9695
-4.97736
-4.98205
-4.98657
-4.98841
-4.98865
-4.98834
-4.988
-4.98714
-4.98246
-4.97638
-4.96506
-4.95052
-4.92923
-4.90518
-4.87866
-4.85675
-4.84077
-4.83491
-4.84143
-4.86039
-4.89048
-4.92386
-4.95672
-4.98508
-5.00646
-5.02287
-5.03529
-5.04672
-5.05565
-5.06225
-5.06379
-5.06222
-5.05805
-5.05476
-5.0521
-5.05179
-5.05249
-5.05548
-5.0608
-5.06581
-5.07091
-5.07672
-5.07988
-5.08274
-5.08453
-5.08732
-5.08822
-5.08976
-5.08934
-5.08713
-5.08464
-5.07899
-5.0727
-5.06449
-5.05422
-5.04135
-5.0258
-5.00359
-4.97814
-4.95164
-4.92913
-4.91323
-4.90769
-4.9129
-4.92596
-4.94
-4.95407
-4.96714
-4.97706
-4.98593
-4.99317
-4.99647
-4.99572
-4.98937
-4.98005
-4.96645
-4.94815
-4.92925
-4.91232
-4.90107
-4.89932
-4.90719
-4.92702
-4.95372
-4.98404
-5.01501
-5.04741
-5.07635
-5.10242
-5.12386
-5.14061
-5.15296
-5.15526
-5.14826
-5.13053
-5.1085
-5.08174
-5.05659
-5.03604
-5.02207
-5.01446
-5.00904
-5.008
-5.01071
-5.01823
-5.03001
-5.04799
-5.06961
-5.09117
-5.11159
-5.12779
-5.1412
-5.15009
-5.15719
-5.16408
-5.17135
-5.17688
-5.17973
-5.18038
-5.18009
-5.17877
-5.17754
-5.17564
-5.17148
-5.16638
-5.1548
-5.13696
-5.11113
-5.08027
-5.0484
-5.02789
-5.02211
-5.02858
-5.04021
-5.0502
-5.0553
-5.05419
-5.04985
-5.04267
-5.03356
-5.02375
-5.01524
-5.00737
-4.99897
-4.99135
-4.98332
-4.97621
-4.97173
-4.9715
-4.97737
-4.98801
-5.00155
-5.01659
-5.02948
-5.03798
-5.04178
-5.04162
-5.03414
-5.02461
-5.0127
-5.00054
-4.98768
-4.9753
-4.96919
-4.9672
-4.96955
-4.97858
-4.99357
-5.01588
-5.04416
-5.07617
-5.10773
-5.13445
-5.15405
-5.16232
-5.15967
-5.14651
-5.12454
-5.09445
-5.06256
-5.03044
-5.0033
-4.98361
-4.97762
-4.98473
-5.00459
-5.03394
-5.06425
-5.09204
-5.11488
-5.13091
-5.14192
-5.14774
-5.14647
-5.14301
-5.13486
-5.12564
-5.11701
-5.10901
-5.10143
-5.09662
-5.0923
-5.09053
-5.09017
-5.09048
-5.08806
-5.0848
-5.07972
-5.07219
-5.06411
-5.05093
-5.03012
-5.00511
-4.97732
-4.9498
-4.93166
-4.92574
-4.9337
-4.95126
-4.97224
-4.99353
-5.00952
-5.02032
-5.0241
-5.0239
-5.0199
-5.0122
-5.00389
-4.99653
-4.99063
-4.98757
-4.98736
-4.9889
-4.9941
-5.00256
-5.01132
-5.02222
-5.03646
-5.05197
-5.06435
-5.07151
-5.07363
-5.07075
-5.06207
-5.0493
-5.03676
-5.02788
-5.0238
-5.02088
-5.01974
-5.01982
-5.01904
-5.02191
-5.0276
-5.03726
-5.04962
-5.06411
-5.07627
-5.08389
-5.08409
-5.07629
-5.06108
-5.04188
-5.02382
-5.00937
-4.99961
-4.99588
-4.99288
-4.98802
-4.9781
-4.96556
-4.95435
-4.94855
-4.95245
-4.9719
-5.00438
-5.04084
-5.07349
-5.09756
-5.11077
-5.11318
-5.10783
-5.09584
-5.08102
-5.06634
-5.05058
-5.03721
-5.0284
-5.02107
-5.01601
-5.01631
-5.01918
-5.02604
-5.03473
-5.04394
-5.05105
-5.05318
-5.05185
-5.0456
-5.03649
-5.02461
-5.01408
-5.00894
-5.0084
-5.01295
-5.02263
-5.03517
-5.04834
-5.06026
-5.07117
-5.07791
-5.08638
-5.09781
-5.11556
-5.13924
-5.16612
-5.19378
-5.2172
-5.23633
-5.24909
-5.25554
-5.25911
-5.25899
-5.25542
-5.24923
-5.24101
-5.23085
-5.21934
-5.20742
-5.1969
-5.1877
-5.17961
-5.17321
-5.16746
-5.16316
-5.15786
-5.15093
-5.14213
-5.13347
-5.12522
-5.12133
-5.12126
-5.12503
-5.13227
-5.14075
-5.14583
-5.14886
-5.14656
-5.14075
-5.13307
-5.12214
-5.10811
-5.09301
-5.07477
-5.05447
-5.03463
-5.01481
-4.99505
-4.97846
-4.9635
-4.95219
-4.9452
-4.93967
-4.9361
-4.93016
-4.91913
-4.90173
-4.87959
-4.85641
-4.84093
-4.84044
-4.85466
-4.87658
-4.90191
-4.92441
-4.9403
-4.95293
-4.96498
-4.98183
-5.00512
-5.02963
-5.04809
-5.05598
-5.05218
-5.03913
-5.02019
-4.99979
-4.98293
-4.97045
-4.96314
-4.96193
-4.966
-4.97444
-4.98322
-4.99214
-4.9973
-4.99801
-4.99512
-4.98936
-4.98264
-4.9762
-4.97404
-4.97787
-4.98956
-5.00773
-5.02882
-5.04826
-5.05866
-5.05609
-5.03979
-5.01178
-4.98
-4.94968
-4.92386
-4.9035
-4.88781
-4.87628
-4.8704
-4.87421
-4.88561
-4.90139
-4.91633
-4.92739
-4.93465
-4.94181
-4.95066
-4.96417
-4.98444
-5.00876
-5.0352
-5.05633
-5.0727
-5.08149
-5.08046
-5.07216
-5.05615
-5.03535
-5.01193
-4.98818
-4.96496
-4.94392
-4.92597
-4.91138
-4.89716
-4.88343
-4.87238
-4.86218
-4.85592
-4.85496
-4.86038
-4.87098
-4.88537
-4.90323
-4.92217
-4.94114
-4.96217
-4.98495
-5.00775
-5.03092
-5.05181
-5.0715
-5.08796
-5.10109
-5.11115
-5.11792
-5.11895
-5.11558
-5.10641
-5.09447
-5.08215
-5.07044
-5.06029
-5.05186
-5.04628
-5.04197
-5.03942
-5.04092
-5.04279
-5.04424
-5.04699
-5.05219
-5.06006
-5.06688
-5.0674
-5.05824
-5.03841
-5.00929
-4.9736
-4.93624
-4.90066
-4.87067
-4.85068
-4.84084
-4.84453
-4.85837
-4.87747
-4.90116
-4.92461
-4.9464
-4.96497
-4.98007
-4.99194
-5.00539
-5.02115
-5.04185
-5.0687
-5.09767
-5.12481
-5.14816
-5.16277
-5.16698
-5.16018
-5.144
-5.12288
-5.1015
-5.08236
-5.06421
-5.04439
-5.02089
-4.99514
-4.97022
-4.94971
-4.93626
-4.93006
-4.93023
-4.93252
-4.93322
-4.9342
-4.93293
-4.93289
-4.9379
-4.94692
-4.96212
-4.98293
-5.00558
-5.02656
-5.04278
-5.05049
-5.05076
-5.0427
-5.03081
-5.01735
-5.00525
-4.99575
-4.98787
-4.98145
-4.97686
-4.97458
-4.97746
-4.98567
-4.99284
-4.9938
-4.98738
-4.97373
-4.95983
-4.95333
-4.96086
-4.98267
-5.01268
-5.04287
-5.07004
-5.08743
-5.09538
-5.09205
-5.07878
-5.05713
-5.03087
-5.00303
-4.98066
-4.96715
-4.96287
-4.9688
-4.98118
-4.9946
-5.00828
-5.01758
-5.02035
-5.01677
-5.00702
-4.99581
-4.9839
-4.97534
-4.97255
-4.9741
-4.97766
-4.98117
-4.9839
-4.98536
-4.98645
-4.98702
-4.9881
-4.99213
-4.99824
-5.00879
-5.02067
-5.03465
-5.05043
-5.06718
-5.08215
-5.0929
-5.10013
-5.10109
-5.09718
-5.09067
-5.08262
-5.07671
-5.07144
-5.06567
-5.05969
-5.05575
-5.05493
-5.05377
-5.05367
-5.04844
-5.03607
-5.01562
-4.98701
-4.95361
-4.91985
-4.8911
-4.87311
-4.86818
-4.87798
-4.90168
-4.93135
-4.96222
-4.98815
-5.00525
-5.01141
-5.00888
-5.00002
-4.99242
-4.98607
-4.98264
-4.98016
-4.98181
-4.98567
-4.99304
-5.00219
-5.00965
-5.01656
-5.02006
-5.02008
-5.01347
-5.00439
-4.99405
-4.98599
-4.98209
-4.98584
-4.99533
-5.00847
-5.02589
-5.03873
-5.04786
-5.05199
-5.05022
-5.04337
-5.03243
-5.02138
-5.01148
-5.00035
-4.99234
-4.98674
-4.9863
-4.98718
-4.98975
-4.99532
-5.00166
-5.00755
-5.01227
-5.01694
-5.01949
-5.02108
-5.02121
-5.01984
-5.01691
-5.01172
-5.00429
-4.99801
-4.99144
-4.98254
-4.97298
-4.96578
-4.95938
-4.95606
-4.95777
-4.96568
-4.97841
-4.99382
-5.00976
-5.02312
-5.03474
-5.04022
-5.03957
-5.03306
-5.01839
-4.99672
-4.97
-4.94363
-4.92064
-4.90749
-4.90769
-4.92164
-4.94654
-4.97285
-4.99779
-5.01525
-5.02398
-5.02603
-5.02308
-5.01672
-5.00828
-4.99804
-4.98755
-4.97668
-4.96711
-4.9581
-4.95211
-4.94993
-4.95301
-4.96197
-4.974
-4.98759
-5.00218
-5.01547
-5.0271
-5.03636
-5.03999
-5.04073
-5.0361
-5.02891
-5.0216
-5.01802
-5.01893
-5.02368
-5.0318
-5.0416
-5.05057
-5.05574
-5.05919
-5.05911
-5.05608
-5.05604
-5.05726
-5.06099
-5.06813
-5.07626
-5.08366
-5.08975
-5.0955
-5.10084
-5.10641
-5.11325
-5.11784
-5.12081
-5.12108
-5.11872
-5.11419
-5.10963
-5.10528
-5.10415
-5.10818
-5.11836
-5.13219
-5.14725
-5.16277
-5.17369
-5.17884
-5.17744
-5.16574
-5.14637
-5.12015
-5.0911
-5.06369
-5.04331
-5.03429
-5.03128
-5.03205
-5.03278
-5.03263
-5.02996
-5.02102
-5.00608
-4.98383
-4.95745
-4.93044
-4.90699
-4.89063
-4.88699
-4.89778
-4.9211
-4.95289
-4.98554
-5.01423
-5.03606
-5.05078
-5.05933
-5.06369
-5.06534
-5.06284
-5.05649
-5.0464
-5.03479
-5.02589
-5.02036
-5.02156
-5.03045
-5.04591
-5.06464
-5.08132
-5.09392
-5.09842
-5.09493
-5.08362
-5.0703
-5.05717
-5.04404
-5.03395
-5.02751
-5.02356
-5.02321
-5.02672
-5.03744
-5.05269
-5.07201
-5.09253
-5.10827
-5.11915
-5.12242
-5.11782
-5.10679
-5.09223
-5.07375
-5.05422
-5.03467
-5.01965
-5.0112
-5.01085
-5.01736
-5.02527
-5.02865
-5.02336
-5.00628
-4.97849
-4.94438
-4.91246
-4.89125
-4.88299
-4.88941
-4.90564
-4.92817
-4.95286
-4.97782
-5.00221
-5.02635
-5.04905
-5.06808
-5.0826
-5.08999
-5.08653
-5.07512
-5.05344
-5.02356
-4.98965
-4.95729
-4.93047
-4.91099
-4.89983
-4.89667
-4.89882
-4.90266
-4.90831
-4.91413
-4.92324
-4.93453
-4.9461
-4.95763
-4.96595
-4.9687
-4.96209
-4.94686
-4.92443
-4.89786
-4.87314
-4.85372
-4.8434
-4.84421
-4.85641
-4.87566
-4.89863
-4.92291
-4.94429
-4.96048
-4.97371
-4.98547
-4.99753
-5.00756
-5.01298
-5.00991
-4.99494
-4.9723
-4.94606
-4.91987
-4.89883
-4.88798
-4.88938
-4.90425
-4.92986
-4.96376
-5.00028
-5.03454
-5.06283
-5.08798
-5.10738
-5.12405
-5.13899
-5.15155
-5.16433
-5.17595
-5.18287
-5.18557
-5.18447
-5.17841
-5.16665
-5.15114
-5.13307
-5.11283
-5.09524
-5.08075
-5.07118
-5.06586
-5.06285
-5.06068
-5.05776
-5.04994
-5.03994
-5.02674
-5.01159
-4.99721
-4.98401
-4.97409
-4.969
-4.96953
-4.97632
-4.98806
-5.00415
-5.01986
-5.03145
-5.03646
-5.0387
-5.0418
-5.04697
-5.0559
-5.06376
-5.06605
-5.06373
-5.05742
-5.05092
-5.04812
-5.04911
-5.05534
-5.06294
-5.06925
-5.07317
-5.0737
-5.06821
-5.0586
-5.04582
-5.03142
-5.01433
-4.99713
-4.98089
-4.96813
-4.95771
-4.95001
-4.94425
-4.94188
-4.94171
-4.9444
-4.94949
-4.95639
-4.96289
-4.96615
-4.96807
-4.96811
-4.96845
-4.97111
-4.97708
-4.98544
-4.99722
-5.0124
-5.02763
-5.04244
-5.05402
-5.06331
-5.07018
-5.07516
-5.07905
-5.07997
-5.07857
-5.07562
-5.07031
-5.06459
-5.05807
-5.05088
-5.04493
-5.03727
-5.02901
-5.01838
-5.00462
-4.98931
-4.97812
-4.97541
-4.98289
-5.00262
-5.03029
-5.06345
-5.09812
-5.12977
-5.15449
-5.17078
-5.17981
-5.18007
-5.17301
-5.16389
-5.15305
-5.14251
-5.1331
-5.12323
-5.11248
-5.10267
-5.09094
-5.07472
-5.05487
-5.03342
-5.01427
-5.01221
-4.99435
-4.98712
-4.98975
-5.00306
-5.02579
-5.05081
-5.07777
-5.09807
-5.11246
-5.11734
-5.11212
-5.09729
-5.07533
-5.0492
-5.02375
-4.99753
-4.9739
-4.95167
-4.93181
-4.91375
-4.89748
-4.88257
-4.87205
-4.86732
-4.87135
-4.88596
-4.91296
-4.94775
-4.98523
-5.01874
-5.04307
-5.05766
-5.06328
-5.0635
-5.05787
-5.04778
-5.03193
-5.01347
-4.99223
-4.97097
-4.95205
-4.94271
-4.94491
-4.95783
-4.9773
-4.99758
-5.01202
-5.02092
-5.02263
-5.02035
-5.01634
-5.01314
-5.01125
-5.01198
-5.0154
-5.02343
-5.03435
-5.04421
-5.05433
-5.06269
-5.07072
-5.07707
-5.08048
-5.08375
-5.0834
-5.08179
-5.07703
-5.06973
-5.05791
-5.04287
-5.02611
-5.01035
-4.99781
-4.98904
-4.98512
-4.98383
-4.98654
-4.99193
-4.99839
-5.00766
-5.02069
-5.03511
-5.04779
-5.05657
-5.06023
-5.05657
-5.0478
-5.03665
-5.02784
-5.02255
-5.01822
-5.01617
-5.01243
-5.00988
-5.00784
-5.00682
-5.00666
-5.00843
-5.01294
-5.0178
-5.02525
-5.03271
-5.04296
-5.05438
-5.06652
-5.08076
-5.09589
-5.10976
-5.12001
-5.1263
-5.1263
-5.12181
-5.11321
-5.10025
-5.08666
-5.07321
-5.06083
-5.05151
-5.04646
-5.04347
-5.04358
-5.04439
-5.04507
-5.04706
-5.04856
-5.05133
-5.05266
-5.05326
-5.04801
-5.03832
-5.02678
-5.0241
-5.0338
-5.05286
-5.06832
-5.0727
-5.06334
-5.04565
-5.02498
-5.00646
-4.99535
-4.99161
-4.99342
-4.99816
-5.003
-5.006
-5.00646
-5.00475
-5.004
-5.00357
-5.00416
-5.00723
-5.01336
-5.02277
-5.03514
-5.04881
-5.05939
-5.06606
-5.06688
-5.06155
-5.05177
-5.04309
-5.0374
-5.03953
-5.04837
-5.06284
-5.07973
-5.09175
-5.09789
-5.09632
-5.08644
-5.06968
-5.04954
-5.03085
-5.01736
-5.00996
-5.00903
-5.01279
-5.01585
-5.01681
-5.01436
-5.00738
-4.99376
-4.97787
-4.95915
-4.94101
-4.9264
-4.91853
-4.91809
-4.92667
-4.94253
-4.9656
-4.99564
-5.02976
-5.067
-5.10444
-5.14092
-5.17363
-5.1985
-5.21636
-5.22585
-5.22649
-5.21972
-5.20564
-5.18225
-5.15281
-5.11851
-5.08093
-5.04387
-5.00889
-4.97796
-4.952
-4.93457
-4.92476
-4.92328
-4.93004
-4.94221
-4.9583
-4.97714
-4.99825
-5.01935
-5.04069
-5.05782
-5.07169
-5.07694
-5.07324
-5.06187
-5.04772
-5.03958
-5.04328
-5.05502
-5.06862
-5.07835
-5.08271
-5.08177
-5.07846
-5.0725
-5.06637
-5.05892
-5.05213
-5.04843
-5.04732
-5.05027
-5.05672
-5.06801
-5.08437
-5.10633
-5.1296
-5.15063
-5.16947
-5.18063
-5.18562
-5.18395
-5.18137
-5.17636
-5.16923
-5.16081
-5.14879
-5.13144
-5.11257
-5.09356
-5.07698
-5.06452
-5.05397
-5.04585
-5.0383
-5.0317
-5.02559
-5.02165
-5.01696
-5.01287
-5.00827
-5.00402
-4.99851
-4.99395
-4.99138
-4.99043
-4.98995
-4.99197
-4.99549
-5.00285
-5.01917
-5.03968
-5.06136
-5.07933
-5.09337
-5.10305
-5.10931
-5.11423
-5.11777
-5.12057
-5.12319
-5.12847
-5.13583
-5.14467
-5.15077
-5.15205
-5.14709
-5.13711
-5.1245
-5.1119
-5.1015
-5.09899
-5.10436
-5.11418
-5.1263
-5.1332
-5.13162
-5.1206
-5.1051
-5.08815
-5.07367
-5.06404
-5.05976
-5.06061
-5.06407
-5.06897
-5.07554
-5.08195
-5.08639
-5.08659
-5.08087
-5.06703
-5.04734
-5.02365
-4.99998
-4.97613
-4.9516
-4.93186
-4.91652
-4.90667
-4.90388
-4.90764
-4.9153
-4.92313
-4.9346
-4.9471
-4.96177
-4.97489
-4.98778
-4.99893
-5.00852
-5.01969
-5.02934
-5.04097
-5.05332
-5.06528
-5.07838
-5.09161
-5.10371
-5.11032
-5.10959
-5.09452
-5.06732
-5.02956
-4.98829
-4.95015
-4.91964
-4.89894
-4.89173
-4.89487
-4.90952
-4.93115
-4.95922
-4.99047
-5.01888
-5.04321
-5.06525
-5.08157
-5.09685
-5.11032
-5.12281
-5.13617
-5.149
-5.1603
-5.16705
-5.1691
-5.1651
-5.15477
-5.13523
-5.10951
-5.07735
-5.04313
-5.0138
-4.99631
-4.99493
-5.00882
-5.03214
-5.05515
-5.07023
-5.07394
-5.06443
-5.04326
-5.01639
-4.98925
-4.96665
-4.95509
-4.95233
-4.95662
-4.96421
-4.9691
-4.96909
-4.96634
-4.9595
-4.95249
-4.94561
-4.93789
-4.93331
-4.92926
-4.92809
-4.93054
-4.93462
-4.93945
-4.94335
-4.94689
-4.95282
-4.96344
-4.9805
-5.00259
-5.02566
-5.0463
-5.06271
-5.0703
-5.0665
-5.05256
-5.02714
-4.99349
-4.95066
-4.90362
-4.86102
-4.82887
-4.81791
-4.82839
-4.85624
-4.89654
-4.94277
-4.98997
-5.03438
-5.07204
-5.10252
-5.12472
-5.13734
-5.1408
-5.13799
-5.13006
-5.11817
-5.10487
-5.09185
-5.08003
-5.07138
-5.06684
-5.067
-5.07097
-5.07545
-5.07827
-5.07758
-5.07229
-5.06258
-5.05
-5.03702
-5.02706
-5.02128
-5.02316
-5.02874
-5.03593
-5.04083
-5.03902
-5.03155
-5.02033
-5.00908
-5.00058
-4.9972
-5.00047
-5.009
-5.01827
-5.02562
-5.02683
-5.02287
-5.0155
-5.00996
-5.00996
-5.01793
-5.03248
-5.05115
-5.06975
-5.0851
-5.09681
-5.10526
-5.11264
-5.11684
-5.11936
-5.11973
-5.11733
-5.11361
-5.10829
-5.10202
-5.09525
-5.08912
-5.08562
-5.08446
-5.08579
-5.08843
-5.09252
-5.09885
-5.10593
-5.11325
-5.1188
-5.12205
-5.11739
-5.10468
-5.08375
-5.05521
-5.02434
-4.99516
-4.97168
-4.95493
-4.94613
-4.94329
-4.94541
-4.95056
-4.95903
-4.97036
-4.98508
-5.00012
-5.01848
-5.03543
-5.05293
-5.0667
-5.07813
-5.08471
-5.08525
-5.08158
-5.07308
-5.06051
-5.04352
-5.02419
-5.00455
-4.98539
-4.96897
-4.95271
-4.93651
-4.92574
-4.92001
-4.92343
-4.93434
-4.95118
-4.9712
-4.99095
-5.00655
-5.01757
-5.02171
-5.01891
-5.01034
-4.99583
-4.97872
-4.95982
-4.93843
-4.91845
-4.90078
-4.88886
-4.8818
-4.88002
-4.8837
-4.89338
-4.90878
-4.92968
-4.95358
-4.98009
-5.006
-5.0306
-5.04983
-5.06634
-5.08024
-5.09409
-5.10523
-5.11265
-5.11676
-5.11495
-5.10842
-5.09563
-5.0828
-5.06887
-5.05744
-5.05147
-5.05067
-5.05139
-5.05011
-5.04536
-5.03503
-5.01963
-4.99813
-4.97593
-4.95494
-4.93786
-4.92595
-4.92088
-4.92088
-4.92399
-4.92516
-4.92729
-4.92684
-4.92679
-4.92564
-4.92811
-4.93773
-4.95364
-4.97562
-4.99968
-5.02342
-5.04268
-5.05706
-5.06256
-5.05843
-5.04498
-5.02165
-4.99047
-4.95722
-4.92445
-4.89935
-4.88777
-4.89489
-4.91923
-4.9564
-4.99847
-5.03975
-5.07572
-5.10377
-5.12604
-5.14098
-5.14975
-5.15024
-5.14603
-5.13565
-5.11717
-5.09081
-5.05708
-5.01729
-4.97585
-4.9366
-4.90491
-4.88468
-4.87822
-4.88635
-4.90431
-4.92639
-4.94785
-4.96366
-4.96979
-4.96604
-4.95216
-4.92942
-4.90355
-4.87859
-4.85833
-4.84589
-4.8441
-4.85171
-4.86728
-4.88593
-4.9012
-4.91015
-4.91245
-4.90597
-4.89378
-4.87931
-4.86673
-4.86516
-4.87285
-4.88989
-4.91462
-4.94045
-4.96321
-4.9814
-4.99379
-5.00184
-5.00911
-5.01455
-5.01683
-5.01937
-5.01932
-5.01618
-5.01069
-5.00458
-4.99766
-4.99229
-4.99108
-4.99309
-4.99798
-5.00364
-5.00923
-5.01055
-5.00458
-4.99039
-4.96945
-4.94812
-4.93038
-4.92038
-4.92033
-4.928
-4.94302
-4.9627
-4.98523
-5.00993
-5.03447
-5.05894
-5.07931
-5.09674
-5.10762
-5.11355
-5.11565
-5.11795
-5.11911
-5.12114
-5.1213
-5.11977
-5.1147
-5.10392
-5.0884
-5.06905
-5.04892
-5.03026
-5.01503
-5.0049
-5.00171
-5.00622
-5.01709
-5.03277
-5.04686
-5.0572
-5.06265
-5.06197
-5.05697
-5.05027
-5.04724
-5.04882
-5.05491
-5.06506
-5.0799
-5.09735
-5.11432
-5.12991
-5.14159
-5.14901
-5.14839
-5.14084
-5.12966
-5.11482
-5.09905
-5.08266
-5.0648
-5.04541
-5.02273
-4.99908
-4.97978
-4.96843
-4.96711
-4.97705
-4.99444
-5.01633
-5.03954
-5.06064
-5.07713
-5.08811
-5.09179
-5.09286
-5.09083
-5.08933
-5.08823
-5.08392
-5.07538
-5.05977
-5.03806
-5.01173
-4.9866
-4.96378
-4.94516
-4.93494
-4.93072
-4.93041
-4.9321
-4.93297
-4.93526
-4.93895
-4.94301
-4.94743
-4.95102
-4.95322
-4.95644
-4.95769
-4.95836
-4.95898
-4.96118
-4.96704
-4.9793
-4.99652
-5.01831
-5.0453
-5.07084
-5.09287
-5.10998
-5.1222
-5.12622
-5.12495
-5.11899
-5.10764
-5.09135
-5.07126
-5.04734
-5.02362
-5.00233
-4.98459
-4.9706
-4.9616
-4.95548
-4.95043
-4.94424
-4.93533
-4.9238
-4.91187
-4.90266
-4.90165
-4.91014
-4.92752
-4.94942
-4.97745
-5.0069
-5.03842
-5.0681
-5.0964
-5.11932
-5.13595
-5.14524
-5.14854
-5.14441
-5.13513
-5.12227
-5.10966
-5.09962
-5.09278
-5.09133
-5.09213
-5.09253
-5.08844
-5.07819
-5.06243
-5.04331
-5.02054
-4.9955
-4.96819
-4.94043
-4.9132
-4.88805
-4.86793
-4.85389
-4.84512
-4.84136
-4.83778
-4.83041
-4.81867
-4.81151
-4.81259
-4.82801
-4.85281
-4.8807
-4.90841
-4.93334
-4.95923
-4.98343
-5.00862
-5.03631
-5.06264
-5.08877
-5.11173
-5.12899
-5.13782
-5.13773
-5.12947
-5.11361
-5.0915
-5.06206
-5.02541
-4.98252
-4.93521
-4.88817
-4.84758
-4.82176
-4.81127
-4.81468
-4.82799
-4.84426
-4.85789
-4.86961
-4.8814
-4.89643
-4.91826
-4.94355
-4.96959
-4.99264
-5.01046
-5.02184
-5.03
-5.03317
-5.03583
-5.03938
-5.04324
-5.04815
-5.05449
-5.06156
-5.07145
-5.08121
-5.09075
-5.09604
-5.09566
-5.08877
-5.07913
-5.06658
-5.05618
-5.04881
-5.04268
-5.037
-5.03092
-5.02156
-5.01162
-5.00073
-4.993
-4.99075
-4.99359
-5.00339
-5.01851
-5.03924
-5.06095
-5.0814
-5.0961
-5.1047
-5.10596
-5.10217
-5.09355
-5.08184
-5.06717
-5.05497
-5.04626
-5.0432
-5.04684
-5.0555
-5.06825
-5.07986
-5.08778
-5.08891
-5.08423
-5.0734
-5.05661
-5.03752
-5.0205
-5.00639
-4.99956
-4.99851
-5.00261
-5.01124
-5.02096
-5.02868
-5.03331
-5.03334
-5.0286
-5.01885
-5.00776
-4.99413
-4.97976
-4.96961
-4.96406
-4.96582
-4.97336
-4.98445
-5.00038
-5.01679
-5.03463
-5.048
-5.05923
-5.06591
-5.06856
-5.06896
-5.06811
-5.06672
-5.06613
-5.0662
-5.06618
-5.06662
-5.06368
-5.05844
-5.04985
-5.03971
-5.02855
-5.01562
-5.0044
-4.99151
-4.97864
-4.96444
-4.9501
-4.9399
-4.93595
-4.94177
-4.94302
