1.64872
1.64428
1.63654
1.62521
1.60987
1.58995
1.56478
1.5336
1.49556
1.44996
1.39634
1.33471
1.2658
1.19122
1.11359
1.03645
0.963795
0.899562
0.84687
0.807565
0.78205
0.769412
0.767802
0.774817
0.787875
0.804503
0.822508
0.840109
0.856008
0.869406
0.879966
0.887787
0.893251
0.896916
0.899319
0.900872
0.901729
0.901814
0.9008
0.898208
0.893547
0.886447
0.876805
0.864815
0.851031
0.836292
0.821587
0.807899
0.796118
0.786931
0.780828
0.778066
0.778627
0.782259
0.788469
0.796586
0.805825
0.815342
0.824318
0.83201
0.837854
0.841537
0.843065
0.842701
0.84091
0.838294
0.835451
0.832922
0.831151
0.830529
0.831386
0.833936
0.838204
0.843927
0.850595
0.857577
0.864226
0.870082
0.874914
0.878713
0.88168
0.884133
0.886407
0.88879
0.891449
0.89442
0.897598
0.900774
0.903682
0.906017
0.907506
0.907921
0.907136
0.905166
0.902186
0.898547
0.894707
0.891138
0.88824
0.886247
0.885185
0.884814
0.884756
0.884543
0.88374
0.882073
0.879461
0.876018
0.871905
0.867198
0.861776
0.855339
0.847543
0.838171
0.827286
0.815212
0.802579
0.790194
0.778927
0.769576
0.762766
0.758819
0.757716
0.759079
0.762246
0.766447
0.771006
0.775488
0.779721
0.783763
0.787842
0.792238
0.797202
0.802887
0.809296
0.816242
0.823382
0.83033
0.836702
0.842312
0.847216
0.851612
0.855717
0.859593
0.863064
0.865781
0.867383
0.867637
0.866492
0.864071
0.860641
0.856661
0.852733
0.849619
0.848166
0.849209
0.853442
0.861217
0.872373
0.886189
0.901459
0.916719
0.930535
0.941747
0.949637
0.953944
0.954807
0.952611
0.947922
0.941443
0.933887
0.925954
0.918297
0.911452
0.905839
0.901677
0.899036
0.897818
0.897754
0.898451
0.899454
0.900324
0.900726
0.900458
0.899484
0.897894
0.895878
0.893695
0.891705
0.890328
0.889991
0.891082
0.893825
0.89817
0.903746
0.909921
0.915977
0.921266
0.925333
0.927996
0.929289
0.929427
0.928732
0.927578
0.926321
0.925268
0.924633
0.924548
0.925026
0.925948
0.927107
0.928225
0.92902
0.929252
0.928747
0.927433
0.925325
0.922537
0.919259
0.915702
0.91206
0.908433
0.904784
0.900901
0.89644
0.89103
0.884425
0.876685
0.868336
0.86032
0.853734
0.849393
0.847504
0.847668
0.849162
0.851367
0.854003
0.85721
0.861504
0.867531
0.875826
0.886606
0.899588
0.913987
0.928622
0.942174
0.953399
0.961355
0.965501
0.965691
0.962142
0.955387
0.946176
0.935422
0.924091
0.913071
0.903034
0.894378
0.887188
0.881379
0.876817
0.873449
0.871378
0.870756
0.871656
0.873911
0.877098
0.880611
0.88383
0.886305
0.887924
0.888974
0.890055
0.891893
0.895167
0.900224
0.906965
0.914835
0.923026
0.930728
0.93734
0.942456
0.945901
0.947629
0.947661
0.946028
0.942765
0.9379
0.931502
0.923669
0.914596
0.904558
0.893953
0.883276
0.873051
0.863739
0.855667
0.849004
0.843727
0.839706
0.836792
0.834907
0.834137
0.83466
0.836703
0.840364
0.845463
0.85149
0.857672
0.863221
0.867608
0.870868
0.873685
0.877179
0.882399
0.889573
0.897699
0.904891
0.9093
0.90997
0.907105
0.901814
0.895617
0.890037
0.886243
0.88488
0.886042
0.88937
0.894154
0.899428
0.904174
0.907501
0.908768
0.907692
0.904337
0.899042
0.892382
0.885051
0.877787
0.871269
0.866089
0.862642
0.861122
0.861546
0.863781
0.867602
0.872739
0.878896
0.885741
0.892898
0.899925
0.906379
0.911845
0.916026
0.918801
0.920228
0.92049
0.919888
0.918733
0.917328
0.915978
0.914874
0.914036
0.913327
0.912424
0.910911
0.908382
0.904543
0.899275
0.892661
0.884942
0.876431
0.86738
0.857977
0.848301
0.838334
0.827943
0.816873
0.80481
0.791499
0.776993
0.76189
0.747435
0.735376
0.727499
0.725099
0.728608
0.737556
0.750831
0.767033
0.784764
0.802736
0.819815
0.835022
0.84759
0.857087
0.86345
0.866971
0.868217
0.867854
0.866535
0.864744
0.86275
0.86059
0.858147
0.855217
0.851647
0.847388
0.842587
0.83759
0.832907
0.829114
0.826707
0.82591
0.826557
0.828111
0.829814
0.830972
0.831173
0.830387
0.829012
0.82773
0.827316
0.828388
0.831195
0.835516
0.840767
0.846159
0.8508
0.853897
0.854857
0.853341
0.849277
0.842853
0.834522
0.824944
0.814979
0.805653
0.798106
0.793454
0.792594
0.795948
0.803351
0.81409
0.827072
0.841024
0.854706
0.86707
0.877322
0.884919
0.889556
0.891079
0.88949
0.884881
0.877424
0.867466
0.855557
0.842533
0.829532
0.817843
0.808643
0.802713
0.800251
0.8009
0.803982
0.808725
0.814428
0.820532
0.826681
0.832671
0.838413
0.843906
0.849163
0.854157
0.858824
0.863063
0.866725
0.869679
0.871798
0.872998
0.873299
0.872762
0.871475
0.869488
0.866817
0.86342
0.859221
0.854178
0.848334
0.84186
0.835124
0.828641
0.822988
0.818723
0.81623
0.815624
0.816738
0.819167
0.82235
0.82562
0.828305
0.829751
0.829417
0.827004
0.822572
0.816619
0.810158
0.804499
0.800974
0.800553
0.803568
0.809721
0.818279
0.828325
0.838965
0.849433
0.859116
0.867484
0.874077
0.878478
0.880294
0.879174
0.874895
0.867397
0.856793
0.843399
0.827728
0.810465
0.792476
0.774797
0.758561
0.74491
0.734835
0.729037
0.727844
0.731177
0.738663
0.749694
0.763485
0.779172
0.795817
0.812482
0.828291
0.842523
0.854585
0.864052
0.87067
0.874315
0.875038
0.873026
0.868621
0.862394
0.855093
0.847592
0.8408
0.835573
0.832637
0.832432
0.835066
0.84028
0.847445
0.855717
0.864212
0.872111
0.878803
0.883867
0.887135
0.888678
0.888736
0.887748
0.886258
0.884836
0.883999
0.88413
0.885387
0.88769
0.890749
0.894072
0.897062
0.899105
0.899585
0.89798
0.893895
0.887127
0.877662
0.865692
0.851621
0.83607
0.81985
0.803918
0.789261
0.776738
0.766907
0.759936
0.755622
0.753522
0.753073
0.753707
0.754963
0.756512
0.75815
0.759781
0.761407
0.763103
0.764966
0.767033
0.769275
0.77157
0.773731
0.775558
0.776872
0.777587
0.777719
0.777354
0.776637
0.775705
0.774684
0.773711
0.773
0.772883
0.773831
0.776377
0.780944
0.787699
0.796465
0.806709
0.817696
0.828649
0.838945
0.848222
0.856407
0.863657
0.870251
0.876477
0.88253
0.888473
0.89422
0.899552
0.904188
0.90792
0.910685
0.912557
0.913624
0.91383
0.912954
0.910629
0.906564
0.900696
0.893251
0.884754
0.875878
0.867326
0.859686
0.853328
0.848461
0.845179
0.843491
0.843359
0.844691
0.847305
0.850906
0.855104
0.85938
0.863176
0.865964
0.86737
0.867275
0.865892
0.863775
0.861735
0.86062
0.86104
0.863118
0.866488
0.870436
0.874123
0.876771
0.877778
0.876709
0.873373
0.86782
0.860432
0.851978
0.843648
0.83689
0.832968
0.832467
0.834907
0.838746
0.84173
0.841541
0.836483
0.825955
0.810737
0.792906
0.77532
0.760721
0.750948
0.746572
0.747153
0.75179
0.759526
0.76951
0.780982
0.793169
0.80516
0.815951
0.82449
0.829886
0.831659
0.829984
0.825717
0.820233
0.814955
0.810859
0.808201
0.806655
0.805674
0.804841
0.803998
0.803199
0.802528
0.801975
0.801308
0.800157
0.798103
0.794822
0.790175
0.784341
0.77779
0.771264
0.765623
0.761682
0.760064
0.761056
0.764561
0.770129
0.777099
0.784805
0.792744
0.800709
0.808776
0.817211
0.826264
0.836018
0.84627
0.856582
0.86637
0.875011
0.881914
0.886641
0.888886
0.888464
0.885355
0.879722
0.871923
0.862554
0.852403
0.84236
0.833337
0.826181
0.821602
0.820117
0.821964
0.827006
0.834776
0.844529
0.855319
0.866149
0.876078
0.884286
0.890145
0.893262
0.893472
0.890828
0.885586
0.878226
0.869482
0.860311
0.851789
0.84494
0.840553
0.839018
0.840166
0.843175
0.846663
0.849001
0.848706
0.844907
0.837576
0.82749
0.816001
0.804684
0.794865
0.787331
0.782238
0.779212
0.777688
0.777193
0.777389
0.777935
0.778288
0.777652
0.77525
0.770701
0.764325
0.757144
0.750625
0.74621
0.744877
0.746762
0.751193
0.756943
0.762632
0.767073
0.769533
0.769814
0.768308
0.7659
0.763785
0.763173
0.765038
0.769958
0.778116
0.789354
0.803329
0.819561
0.837433
0.85622
0.875117
0.893192
0.909514
0.92318
0.933408
0.939642
0.941614
0.939357
0.933239
0.923952
0.912456
0.899895
0.887447
0.876131
0.866643
0.859224
0.85367
0.849447
0.845823
0.84207
0.837627
0.832214
0.825867
0.818909
0.811882
0.80543
0.800141
0.796461
0.794648
0.794721
0.796536
0.799825
0.804303
0.809739
0.815952
0.822898
0.830617
0.839206
0.848755
0.859204
0.870279
0.881418
0.891787
0.90042
0.906489
0.909524
0.909462
0.906611
0.901504
0.894726
0.886823
0.878323
0.869753
0.861642
0.85447
0.848611
0.844258
0.841393
0.839761
0.838898
0.838234
0.837153
0.835134
0.831981
0.828054
0.824404
0.822573
0.824011
0.829343
0.837945
0.848226
0.858357
0.866947
0.873291
0.877251
0.87911
0.87939
0.878708
0.877676
0.876859
0.876634
0.877164
0.878328
0.87976
0.880968
0.881378
0.880457
0.877732
0.872775
0.865238
0.854874
0.841685
0.826034
0.80878
0.791316
0.775437
0.763034
0.755627
0.753995
0.757914
0.766297
0.777516
0.789816
0.801698
0.812163
0.820745
0.827554
0.833113
0.838144
0.843315
0.849004
0.85518
0.861437
0.867181
0.871867
0.875105
0.876737
0.876815
0.875473
0.872894
0.869179
0.864327
0.85823
0.850859
0.842317
0.832995
0.823641
0.815272
0.80899
0.805758
0.806161
0.810284
0.817676
0.82746
0.838484
0.849487
0.859334
0.867106
0.872217
0.874408
0.873776
0.8707
0.865794
0.859844
0.853629
0.847792
0.842677
0.83828
0.834229
0.829897
0.824586
0.817675
0.808857
0.798284
0.786622
0.774916
0.764342
0.755793
0.749689
0.746021
0.74465
0.745559
0.748929
0.755112
0.764455
0.777078
0.792737
0.810705
0.829835
0.848748
0.864486
0.866123
1.6655
1.67016
1.66362
1.64716
1.62233
1.59067
1.55377
1.51322
1.47085
1.42883
1.38973
1.3564
1.3314
1.31624
1.31073
1.31287
1.31926
1.32611
1.33014
1.32922
1.32262
1.3109
1.29572
1.27986
1.26716
1.26182
1.26694
1.28287
1.30696
1.33482
1.36201
1.385
1.40134
1.40949
1.40884
1.39971
1.38346
1.36244
1.33964
1.31814
1.30055
1.28858
1.283
1.28368
1.28964
1.2992
1.31018
1.32019
1.32708
1.32943
1.32707
1.32141
1.31511
1.31075
1.3095
1.3111
1.31491
1.32059
1.32796
1.33659
1.34565
1.35418
1.36139
1.36689
1.37065
1.37267
1.3728
1.37043
1.36455
1.35409
1.33846
1.31817
1.29534
1.27345
1.2563
1.24639
1.24386
1.24679
1.25245
1.2584
1.26293
1.26499
1.26387
1.25885
1.2492
1.23433
1.2144
1.1908
1.16645
1.14548
1.1325
1.1313
1.14344
1.16718
1.19789
1.22969
1.25746
1.27781
1.28938
1.29249
1.28873
1.28072
1.2718
1.26554
1.26495
1.27167
1.28559
1.30495
1.32708
1.34897
1.36771
1.38083
1.38665
1.3846
1.37543
1.36092
1.34346
1.32546
1.30898
1.29538
1.28519
1.27818
1.2736
1.27048
1.26794
1.26535
1.26238
1.25903
1.25559
1.2527
1.25116
1.25198
1.25603
1.26355
1.27375
1.28488
1.29482
1.30196
1.30568
1.30629
1.3045
1.30089
1.29577
1.28948
1.28278
1.27692
1.27333
1.27314
1.27694
1.28472
1.29603
1.3101
1.32571
1.34102
1.35346
1.3602
1.35878
1.34808
1.32912
1.30527
1.28167
1.26365
1.25478
1.25515
1.26134
1.26822
1.27129
1.26792
1.25756
1.24119
1.22077
1.19881
1.178
1.16092
1.14968
1.14556
1.14889
1.15904
1.17468
1.1941
1.21544
1.23664
1.25567
1.27085
1.2813
1.28717
1.28954
1.29008
1.29051
1.29217
1.29571
1.30107
1.30758
1.31419
1.31981
1.32366
1.32549
1.3256
1.32464
1.32344
1.32279
1.32327
1.32501
1.32738
1.32915
1.32897
1.32604
1.32059
1.31403
1.30856
1.30628
1.30813
1.31324
1.31919
1.32294
1.32195
1.3148
1.30145
1.28312
1.26205
1.24119
1.22375
1.21265
1.20978
1.21572
1.22962
1.24959
1.27311
1.29747
1.32016
1.33903
1.35252
1.35975
1.36057
1.35546
1.34543
1.33174
1.31578
1.29914
1.28391
1.27266
1.26818
1.27244
1.28541
1.30453
1.32553
1.34411
1.35735
1.36444
1.36644
1.3658
1.36551
1.3684
1.37632
1.38951
1.40637
1.42391
1.43862
1.4475
1.4487
1.44175
1.42754
1.40796
1.38554
1.36294
1.34245
1.32556
1.31278
1.30389
1.29835
1.29579
1.2964
1.30046
1.30742
1.31521
1.32058
1.32026
1.3123
1.2965
1.27436
1.24842
1.22174
1.19746
1.17837
1.16669
1.16387
1.17035
1.18541
1.20727
1.23332
1.26063
1.28645
1.30867
1.32593
1.3376
1.34364
1.34441
1.34058
1.33303
1.32279
1.31106
1.29915
1.28838
1.28011
1.27563
1.27598
1.28167
1.29228
1.30634
1.32163
1.33563
1.34602
1.35109
1.34982
1.34206
1.3285
1.31079
1.29148
1.27379
1.26068
1.2536
1.25167
1.25217
1.25227
1.25053
1.24744
1.24469
1.24392
1.24571
1.24932
1.2532
1.25564
1.2554
1.25195
1.2457
1.23805
1.23113
1.22708
1.22725
1.23155
1.23857
1.24625
1.25271
1.25665
1.25757
1.2556
1.25139
1.24602
1.24075
1.23682
1.2352
1.23621
1.23937
1.24356
1.24727
1.24908
1.24815
1.2444
1.23865
1.23247
1.22789
1.22666
1.22964
1.23638
1.24556
1.25561
1.26544
1.27461
1.28296
1.29019
1.2955
1.29786
1.29648
1.29137
1.28358
1.27499
1.26782
1.26401
1.26462
1.26935
1.27689
1.28551
1.29374
1.30072
1.30618
1.31031
1.31343
1.31578
1.31737
1.31803
1.31752
1.31578
1.31305
1.30989
1.30701
1.30497
1.30422
1.30496
1.30716
1.31066
1.31512
1.32013
1.32536
1.33052
1.33535
1.33951
1.34252
1.34376
1.34254
1.33837
1.33136
1.32255
1.3138
1.3072
1.30412
1.30486
1.30873
1.31475
1.32196
1.32953
1.33653
1.34175
1.3439
1.34214
1.33645
1.3278
1.31785
1.3082
1.29965
1.29198
1.28432
1.27595
1.2668
1.25755
1.24935
1.24326
1.24002
1.24004
1.24368
1.25119
1.2624
1.27606
1.28977
1.3006
1.30647
1.30709
1.30423
1.30101
1.30052
1.30458
1.31329
1.32545
1.33898
1.35141
1.36037
1.36397
1.36121
1.35204
1.33725
1.31818
1.29649
1.27407
1.25301
1.23569
1.22466
1.22206
1.22901
1.24499
1.26782
1.29427
1.3212
1.34635
1.3686
1.38753
1.40288
1.41422
1.42089
1.42217
1.41743
1.4063
1.38869
1.36503
1.33648
1.30514
1.27383
1.24534
1.22158
1.20305
1.18906
1.1785
1.17057
1.16497
1.16169
1.16092
1.16279
1.1673
1.17413
1.18269
1.1924
1.20288
1.21405
1.22592
1.23841
1.25125
1.26402
1.27621
1.28719
1.29628
1.30288
1.30667
1.30777
1.3068
1.30474
1.30255
1.30089
1.29987
1.29925
1.29883
1.29886
1.30008
1.30339
1.30903
1.31626
1.3235
1.32889
1.33114
1.33004
1.32647
1.32206
1.31844
1.31666
1.31685
1.31853
1.32116
1.32443
1.32806
1.33167
1.33456
1.33585
1.33481
1.33122
1.32546
1.31833
1.31065
1.3029
1.29518
1.28753
1.28015
1.27343
1.26755
1.26226
1.25679
1.25022
1.24186
1.23185
1.22132
1.2123
1.20724
1.20818
1.21613
1.23059
1.24994
1.27198
1.29465
1.31644
1.33648
1.35427
1.36943
1.38164
1.39063
1.39627
1.39865
1.398
1.39453
1.38839
1.37957
1.36794
1.35361
1.3372
1.32004
1.30415
1.29173
1.28444
1.28263
1.28516
1.28997
1.2949
1.29855
1.30065
1.30173
1.30226
1.30209
1.30042
1.2966
1.29084
1.28437
1.27883
1.27555
1.27487
1.27597
1.27728
1.27718
1.27459
1.2693
1.26189
1.25328
1.24441
1.23603
1.2286
1.22234
1.21735
1.21366
1.21151
1.21165
1.21541
1.22451
1.24026
1.2628
1.29072
1.3215
1.35237
1.38079
1.40467
1.42227
1.43234
1.4343
1.42852
1.41624
1.39923
1.37918
1.35751
1.33557
1.31498
1.29761
1.2852
1.27871
1.27813
1.28269
1.29114
1.30211
1.314
1.32491
1.33279
1.3359
1.33347
1.32599
1.31535
1.30438
1.29612
1.29307
1.2966
1.307
1.32365
1.34507
1.36899
1.39243
1.41221
1.42547
1.43021
1.42575
1.41289
1.3941
1.37332
1.35526
1.34405
1.34162
1.34698
1.35702
1.36796
1.37668
1.38122
1.38078
1.37581
1.36805
1.36022
1.35545
1.35607
1.3627
1.37412
1.38803
1.40213
1.41475
1.42505
1.43283
1.4382
1.44123
1.44191
1.44031
1.43661
1.43096
1.42344
1.41389
1.40202
1.38763
1.37061
1.351
1.32901
1.30505
1.27983
1.25443
1.23021
1.20883
1.19195
1.18113
1.17756
1.18165
1.19277
1.20916
1.22834
1.24774
1.26532
1.27985
1.29098
1.29918
1.30569
1.31214
1.3199
1.32935
1.33949
1.34823
1.35318
1.35236
1.3447
1.33031
1.31053
1.28781
1.26537
1.24662
1.23435
1.23007
1.23369
1.24359
1.25733
1.27248
1.28727
1.30089
1.31342
1.32557
1.33824
1.35203
1.36687
1.38179
1.39519
1.40545
1.41144
1.41281
1.4101
1.40436
1.39676
1.38806
1.37843
1.36743
1.35451
1.3395
1.32303
1.30642
1.29126
1.27881
1.26979
1.26438
1.26228
1.26272
1.26464
1.26692
1.26874
1.26992
1.27099
1.2731
1.27747
1.28497
1.29556
1.30825
1.32135
1.33283
1.34071
1.34332
1.33975
1.33005
1.31532
1.29736
1.27802
1.25859
1.2397
1.22162
1.2048
1.19031
1.17959
1.17406
1.17446
1.18052
1.19115
1.20499
1.22105
1.23901
1.25898
1.28083
1.30349
1.3248
1.34202
1.35287
1.3563
1.35276
1.34376
1.331
1.31564
1.29818
1.27892
1.25891
1.24063
1.22762
1.22294
1.22734
1.23845
1.25195
1.26342
1.26988
1.27025
1.26528
1.25716
1.24882
1.2431
1.24178
1.24491
1.25101
1.25804
1.26422
1.26859
1.27093
1.27139
1.27028
1.26812
1.26597
1.26542
1.2682
1.27539
1.2869
1.30143
1.31713
1.3323
1.34591
1.35746
1.36648
1.37211
1.37348
1.37035
1.36343
1.35422
1.34437
1.33523
1.32765
1.32209
1.31888
1.31842
1.32095
1.32641
1.33432
1.34379
1.35354
1.36191
1.36677
1.36588
1.35748
1.34095
1.31737
1.28947
1.26105
1.23603
1.21737
1.20646
1.20318
1.20649
1.21484
1.22638
1.23908
1.25086
1.2599
1.26505
1.26597
1.26334
1.25847
1.25294
1.24808
1.24466
1.24289
1.24243
1.24259
1.24273
1.24264
1.24265
1.24325
1.24446
1.24539
1.24457
1.24094
1.23479
1.22808
1.22376
1.22442
1.23093
1.24174
1.25353
1.26243
1.26548
1.26124
1.25
1.23353
1.21484
1.19776
1.18614
1.18285
1.18879
1.20255
1.22107
1.24098
1.26
1.27743
1.29379
1.30958
1.32427
1.33636
1.3444
1.34821
1.34931
1.35048
1.35452
1.36294
1.37527
1.38923
1.40167
1.40976
1.41172
1.40714
1.39683
1.38224
1.36513
1.34716
1.32973
1.31385
1.29989
1.28759
1.2764
1.26587
1.25629
1.24869
1.2445
1.24484
1.24987
1.25877
1.27007
1.28245
1.29523
1.30821
1.32089
1.33177
1.33853
1.33899
1.33208
1.3183
1.29994
1.28067
1.26477
1.25593
1.25602
1.26455
1.27906
1.29626
1.313
1.32706
1.33734
1.34383
1.34745
1.34958
1.35169
1.3548
1.35905
1.36362
1.36707
1.36774
1.36428
1.35608
1.34343
1.3275
1.31016
1.29362
1.28018
1.27183
1.26972
1.27367
1.28207
1.29252
1.30274
1.31119
1.31716
1.32055
1.32173
1.32128
1.31994
1.31836
1.31683
1.31536
1.31519
1.64591
1.63793
1.63068
1.62921
1.63461
1.64231
1.64608
1.6426
1.63228
1.61761
1.60149
1.58621
1.57328
1.56352
1.55728
1.55469
1.55546
1.55856
1.56208
1.56366
1.56131
1.55414
1.54253
1.5278
1.51166
1.49566
1.4809
1.46788
1.45655
1.44663
1.43792
1.43066
1.42539
1.42245
1.42178
1.4229
1.42516
1.42781
1.43009
1.43151
1.4321
1.432
1.43093
1.42796
1.4219
1.41249
1.40134
1.39203
1.38853
1.39271
1.40314
1.41648
1.42959
1.44038
1.44762
1.4509
1.45094
1.44947
1.44876
1.45093
1.4573
1.46825
1.48348
1.50239
1.52411
1.5475
1.57082
1.59176
1.60791
1.6171
1.61788
1.60974
1.59312
1.5694
1.54068
1.50949
1.47852
1.45011
1.42603
1.40754
1.39534
1.38962
1.39
1.39569
1.40566
1.41858
1.43282
1.44639
1.45734
1.46434
1.46711
1.46644
1.46373
1.46055
1.4584
1.45864
1.46241
1.47015
1.48121
1.49389
1.50611
1.51622
1.52334
1.52732
1.5283
1.52647
1.52206
1.5154
1.50696
1.49737
1.48732
1.47724
1.46705
1.45596
1.4426
1.42568
1.40491
1.3818
1.36001
1.34461
1.34055
1.35056
1.37386
1.40636
1.44217
1.47555
1.50229
1.5203
1.52953
1.53146
1.52861
1.52379
1.51956
1.51784
1.51977
1.5259
1.53615
1.54963
1.56441
1.57777
1.58688
1.58972
1.58566
1.57561
1.56186
1.54734
1.53445
1.52409
1.5155
1.50719
1.49809
1.48792
1.4768
1.46496
1.45275
1.44106
1.43147
1.42586
1.42523
1.42881
1.43423
1.43905
1.44238
1.44501
1.44809
1.4517
1.45464
1.45535
1.45292
1.44758
1.44045
1.433
1.42642
1.42118
1.41692
1.41275
1.40809
1.4036
1.40153
1.40504
1.4168
1.43763
1.46588
1.49788
1.52924
1.55644
1.57798
1.59461
1.60821
1.62013
1.63003
1.63647
1.63798
1.63383
1.62421
1.60989
1.59211
1.57204
1.55063
1.52862
1.50669
1.48545
1.46535
1.44686
1.43097
1.41953
1.41492
1.41899
1.43209
1.45245
1.47684
1.50171
1.52418
1.54222
1.55463
1.56107
1.56201
1.5588
1.55362
1.54895
1.54685
1.5482
1.55227
1.55672
1.55836
1.55427
1.5432
1.52683
1.50997
1.4987
1.49687
1.50389
1.51584
1.52827
1.53797
1.54304
1.54227
1.53471
1.51987
1.49836
1.47261
1.44675
1.42534
1.41138
1.40504
1.40401
1.40505
1.40544
1.40344
1.39821
1.38949
1.3775
1.36292
1.34719
1.33272
1.32263
1.31954
1.32433
1.33561
1.35028
1.36508
1.37807
1.38924
1.39995
1.41132
1.42345
1.43591
1.44913
1.4644
1.4825
1.50255
1.52264
1.54098
1.55648
1.5685
1.5764
1.57956
1.57751
1.57025
1.55851
1.54381
1.5284
1.51478
1.50499
1.49997
1.49937
1.50227
1.50799
1.5167
1.52903
1.54529
1.56455
1.58483
1.60396
1.62063
1.63454
1.64611
1.6557
1.66324
1.66826
1.67032
1.66934
1.66584
1.66055
1.65421
1.64733
1.64055
1.63473
1.63078
1.6291
1.62918
1.62976
1.62934
1.6267
1.6213
1.61314
1.60237
1.58883
1.57186
1.5505
1.52413
1.49308
1.45896
1.42457
1.39359
1.37039
1.35968
1.3651
1.38704
1.42125
1.46032
1.49676
1.52556
1.5448
1.55516
1.55872
1.55811
1.55575
1.55339
1.55202
1.55195
1.55319
1.5559
1.56065
1.5681
1.57835
1.59025
1.60141
1.60874
1.60947
1.602
1.58654
1.56524
1.54182
1.52056
1.50475
1.49534
1.49077
1.48819
1.48496
1.47969
1.47258
1.46532
1.46074
1.4622
1.47205
1.49018
1.51368
1.53832
1.56018
1.5764
1.58517
1.5856
1.57777
1.56279
1.54283
1.52091
1.50059
1.48506
1.47612
1.47331
1.47425
1.47597
1.47638
1.47499
1.47263
1.47059
1.46993
1.47115
1.47416
1.47847
1.48342
1.48841
1.49298
1.49691
1.50003
1.50224
1.50347
1.50389
1.50401
1.50464
1.50685
1.51179
1.52043
1.53329
1.55024
1.5704
1.59233
1.61432
1.63474
1.65209
1.66494
1.67196
1.67208
1.66498
1.65161
1.63436
1.61675
1.60217
1.59222
1.58603
1.58096
1.57452
1.56559
1.55459
1.54293
1.53237
1.52449
1.52032
1.52007
1.52304
1.52776
1.53267
1.53694
1.54084
1.54545
1.55151
1.55855
1.56497
1.56875
1.5684
1.56314
1.55255
1.53653
1.51607
1.49438
1.47722
1.47092
1.47889
1.49937
1.52653
1.5538
1.5763
1.59165
1.59955
1.60148
1.60025
1.59909
1.6003
1.6043
1.6098
1.61476
1.61734
1.61648
1.61204
1.60454
1.59469
1.5831
1.57052
1.55814
1.54773
1.54108
1.53903
1.54061
1.54307
1.54308
1.53826
1.52826
1.51451
1.49922
1.48418
1.47056
1.45917
1.45108
1.44785
1.45121
1.46225
1.48075
1.50511
1.5328
1.56124
1.58829
1.61249
1.63282
1.64851
1.65864
1.66221
1.65822
1.64591
1.62528
1.59738
1.56461
1.53034
1.49822
1.47122
1.45107
1.43819
1.43212
1.43191
1.43633
1.44373
1.45224
1.45995
1.46532
1.46772
1.46774
1.46711
1.46826
1.47375
1.48577
1.50555
1.5323
1.56274
1.59199
1.61507
1.62845
1.63079
1.62297
1.60768
1.58854
1.56883
1.55031
1.53286
1.51521
1.4962
1.47593
1.45593
1.43875
1.42677
1.42098
1.42047
1.4229
1.42555
1.42626
1.42383
1.41822
1.41038
1.40203
1.39532
1.3923
1.3945
1.40269
1.41707
1.4375
1.46362
1.49453
1.52843
1.56247
1.59317
1.61705
1.63135
1.63438
1.62568
1.60598
1.57714
1.542
1.50416
1.4674
1.43529
1.41082
1.3964
1.39368
1.40272
1.42152
1.44643
1.47319
1.49779
1.51694
1.52838
1.53115
1.52575
1.51409
1.49918
1.48419
1.4717
1.46298
1.45797
1.45555
1.45411
1.45202
1.44801
1.44151
1.43273
1.42266
1.41279
1.40433
1.39755
1.39164
1.38561
1.37951
1.37534
1.37648
1.38546
1.40183
1.42246
1.44389
1.4638
1.48098
1.49455
1.50335
1.50599
1.50135
1.48944
1.47198
1.452
1.43256
1.41518
1.39982
1.38627
1.37533
1.36866
1.36745
1.37123
1.37798
1.38521
1.39133
1.39637
1.40138
1.40746
1.41479
1.42262
1.42994
1.43622
1.4418
1.44759
1.45438
1.46227
1.47064
1.47859
1.48554
1.49131
1.49582
1.49884
1.50009
1.49943
1.49703
1.49341
1.48915
1.48463
1.47969
1.47363
1.46532
1.45344
1.43709
1.41656
1.3941
1.37425
1.36293
1.36501
1.38167
1.40956
1.44263
1.4751
1.50322
1.52535
1.54116
1.5509
1.55494
1.55361
1.5471
1.53553
1.51935
1.49993
1.47967
1.46154
1.448
1.43994
1.43659
1.4363
1.43765
1.44016
1.44437
1.45128
1.46172
1.47594
1.4935
1.51344
1.53448
1.55505
1.57324
1.58686
1.59371
1.59217
1.58185
1.56417
1.54248
1.52136
1.505
1.49556
1.49258
1.49412
1.4985
1.50507
1.51331
1.52167
1.5279
1.53084
1.53172
1.53361
1.53895
1.54776
1.55809
1.56806
1.57703
1.58537
1.59351
1.60133
1.60813
1.6131
1.6156
1.61503
1.61093
1.60323
1.59248
1.57955
1.5652
1.54999
1.53457
1.52015
1.50834
1.50054
1.497
1.49653
1.49722
1.49742
1.49639
1.4942
1.49129
1.48811
1.4849
1.48161
1.47791
1.47329
1.46733
1.46001
1.45171
1.44296
1.43421
1.42574
1.41774
1.41044
1.40435
1.40034
1.39931
1.40171
1.40709
1.41413
1.4212
1.42685
1.43014
1.43059
1.4279
1.42195
1.41318
1.40287
1.39308
1.38588
1.38244
1.38309
1.38805
1.39819
1.41435
1.43615
1.46163
1.48816
1.51345
1.53586
1.55443
1.56867
1.57852
1.5842
1.58604
1.58423
1.57866
1.56873
1.55339
1.53159
1.50333
1.47079
1.43933
1.41687
1.41043
1.42135
1.44395
1.46966
1.49207
1.50858
1.51933
1.52553
1.52801
1.52678
1.5216
1.51289
1.50247
1.49319
1.48799
1.48876
1.49574
1.50766
1.52238
1.53731
1.54998
1.55847
1.5616
1.55904
1.55117
1.53891
1.52345
1.50613
1.48831
1.47104
1.45488
1.44
1.42633
1.41387
1.40279
1.39337
1.38599
1.38115
1.37932
1.38102
1.38672
1.39695
1.41184
1.43072
1.45172
1.47226
1.49008
1.50394
1.5138
1.52033
1.52408
1.52503
1.52243
1.51556
1.50491
1.49299
1.4838
1.48042
1.48211
1.48416
1.4814
1.47287
1.46364
1.46071
1.46571
1.47372
1.47952
1.48277
1.48742
1.49835
1.51803
1.54515
1.57534
1.60352
1.62595
1.64115
1.64994
1.65452
1.65707
1.65846
1.65809
1.65487
1.64844
1.63964
1.63002
1.62111
1.61369
1.6076
1.60191
1.5953
1.58634
1.57387
1.55727
1.5367
1.51307
1.48781
1.4625
1.43853
1.41706
1.39908
1.38553
1.37733
1.37512
1.37876
1.38731
1.39915
1.41273
1.42716
1.44236
1.45866
1.47617
1.4942
1.51123
1.5252
1.53422
1.53691
1.53314
1.52446
1.51397
1.50551
1.5021
1.50446
1.51083
1.51833
1.52496
1.53084
1.5381
1.54915
1.56439
1.5812
1.59514
1.60217
1.60042
1.59055
1.57494
1.55666
1.53848
1.52218
1.50855
1.49768
1.48964
1.48483
1.48388
1.48724
1.49467
1.50502
1.5165
1.5273
1.53595
1.54151
1.54354
1.54194
1.53693
1.52908
1.51941
1.50944
1.50088
1.49518
1.49303
1.49437
1.49897
1.50686
1.51807
1.53167
1.54497
1.55395
1.5548
1.54541
1.52629
1.50059
1.47338
1.45032
1.43601
1.43265
1.43974
1.45488
1.47519
1.49825
1.52197
1.54413
1.56241
1.57538
1.58331
1.58781
1.59083
1.59362
1.59641
1.59866
1.59962
1.59872
1.59565
1.59022
1.58221
1.57133
1.55755
1.5415
1.52481
1.51002
1.49992
1.49658
1.50041
1.50998
1.52244
1.53447
1.54322
1.54688
1.54491
1.53791
1.52861
1.52748
1.63775
1.62475
1.61369
1.6058
1.60098
1.59785
1.5943
1.58823
1.57838
1.56497
1.55001
1.53725
1.53149
1.53706
1.55562
1.58427
1.61642
1.64475
1.66401
1.67184
1.66835
1.65536
1.63578
1.61293
1.58945
1.56688
1.54595
1.5275
1.51322
1.50521
1.50482
1.51174
1.52399
1.53882
1.55358
1.56646
1.57684
1.58502
1.59142
1.59602
1.59827
1.59755
1.59376
1.58803
1.58296
1.58208
1.58873
1.60465
1.62939
1.66025
1.69307
1.72375
1.7497
1.77032
1.78634
1.79848
1.80672
1.81039
1.80876
1.80165
1.78953
1.77341
1.75441
1.73353
1.71151
1.68936
1.66874
1.65188
1.64078
1.63622
1.63752
1.64287
1.64996
1.65652
1.66049
1.6605
1.65624
1.64901
1.64167
1.63766
1.63966
1.64825
1.66164
1.6764
1.68872
1.69568
1.696
1.69031
1.68075
1.66998
1.6599
1.65084
1.64155
1.63012
1.61536
1.59776
1.5798
1.5654
1.55857
1.56163
1.57398
1.59229
1.61172
1.62783
1.6379
1.64149
1.63977
1.63395
1.62385
1.60764
1.58338
1.55077
1.5119
1.471
1.43357
1.40525
1.39034
1.39052
1.4043
1.42764
1.45537
1.48259
1.50561
1.52231
1.53249
1.53808
1.54281
1.55067
1.56331
1.57844
1.5911
1.59692
1.59452
1.58583
1.57471
1.56448
1.5561
1.54798
1.53755
1.52306
1.50446
1.48331
1.46239
1.44525
1.43559
1.43629
1.44811
1.46898
1.49465
1.52028
1.54208
1.55806
1.56796
1.57276
1.57428
1.57466
1.57581
1.579
1.58474
1.59316
1.60451
1.6192
1.63724
1.65756
1.67777
1.69514
1.70763
1.71449
1.71592
1.71266
1.70563
1.69569
1.68382
1.67121
1.65958
1.65109
1.64781
1.65104
1.66067
1.67514
1.69185
1.70777
1.72009
1.72666
1.72638
1.71949
1.70773
1.69404
1.68204
1.67509
1.67527
1.68258
1.69516
1.71023
1.72515
1.73789
1.74699
1.75136
1.7503
1.74364
1.73206
1.71729
1.70198
1.68926
1.68204
1.68233
1.69044
1.70459
1.72105
1.73492
1.74146
1.73727
1.72109
1.69388
1.65874
1.62037
1.58417
1.55487
1.53531
1.52607
1.52616
1.53415
1.5487
1.56804
1.58933
1.60869
1.62216
1.6269
1.62176
1.60737
1.58576
1.55969
1.53202
1.50527
1.48123
1.46093
1.445
1.43415
1.42956
1.43277
1.4451
1.46656
1.49516
1.52701
1.5574
1.58238
1.59979
1.60938
1.61255
1.6117
1.60971
1.60943
1.61325
1.62253
1.63707
1.65498
1.67344
1.68977
1.7023
1.71032
1.71356
1.71192
1.70528
1.69361
1.67706
1.65615
1.63197
1.60614
1.58043
1.55632
1.53452
1.51512
1.49798
1.48317
1.47123
1.46315
1.46015
1.46319
1.47242
1.48685
1.50425
1.52173
1.537
1.54996
1.56327
1.58038
1.60173
1.6234
1.63983
1.64725
1.64488
1.63433
1.61876
1.60191
1.58716
1.57653
1.57013
1.56647
1.56331
1.5586
1.55101
1.5403
1.52749
1.5147
1.50456
1.49915
1.49888
1.50248
1.50815
1.51489
1.52286
1.5328
1.54493
1.55826
1.57068
1.5797
1.5835
1.5818
1.57647
1.571
1.56912
1.57305
1.58238
1.59473
1.60707
1.61711
1.62396
1.62834
1.63224
1.63815
1.64758
1.65998
1.67281
1.68264
1.68635
1.68173
1.66792
1.64579
1.61838
1.59044
1.56713
1.55209
1.54651
1.54954
1.55934
1.57349
1.58924
1.60393
1.61554
1.62299
1.62613
1.62576
1.62352
1.62138
1.62106
1.62331
1.62772
1.63296
1.63733
1.63922
1.63753
1.63182
1.62222
1.60924
1.59353
1.57574
1.55665
1.53726
1.51895
1.50345
1.49254
1.48765
1.4894
1.49746
1.51056
1.5269
1.54437
1.56118
1.57619
1.58931
1.60127
1.61303
1.62513
1.63736
1.64911
1.65974
1.66901
1.67709
1.68429
1.69068
1.69586
1.69892
1.69893
1.69514
1.68718
1.67507
1.65902
1.6396
1.61797
1.59607
1.57639
1.56127
1.55152
1.54605
1.5426
1.53885
1.53338
1.52623
1.51929
1.51615
1.5207
1.53497
1.5576
1.58427
1.60949
1.62892
1.64122
1.64799
1.65136
1.65168
1.64788
1.63996
1.6299
1.62074
1.61499
1.61367
1.6164
1.62217
1.63016
1.64026
1.65289
1.6685
1.68685
1.70677
1.72636
1.74357
1.7567
1.76481
1.76785
1.76662
1.76245
1.75681
1.7507
1.74425
1.7369
1.72791
1.71689
1.70402
1.68997
1.67579
1.66266
1.65174
1.64389
1.63956
1.63875
1.64087
1.64482
1.64917
1.65258
1.65412
1.65335
1.65034
1.64548
1.6395
1.63344
1.62839
1.62522
1.62418
1.6248
1.62593
1.62604
1.6236
1.61738
1.60687
1.59273
1.57699
1.56282
1.55345
1.55067
1.55392
1.56087
1.56899
1.57699
1.58507
1.59443
1.60611
1.62022
1.63566
1.65056
1.66313
1.67237
1.67833
1.68187
1.68413
1.68581
1.68702
1.68738
1.6865
1.68454
1.68241
1.68173
1.68406
1.69
1.69854
1.70724
1.71322
1.7143
1.70956
1.6994
1.68514
1.66843
1.65082
1.63355
1.61754
1.60358
1.59239
1.58442
1.57976
1.57814
1.5792
1.58257
1.5879
1.59469
1.60226
1.60986
1.61678
1.6226
1.62713
1.63035
1.63232
1.63334
1.63408
1.63572
1.63976
1.64755
1.65947
1.67437
1.68963
1.70213
1.70937
1.71017
1.70471
1.6939
1.67893
1.66101
1.6416
1.6224
1.60514
1.59089
1.57965
1.5704
1.56171
1.55252
1.54262
1.53285
1.52466
1.51936
1.51739
1.51817
1.52053
1.52359
1.52718
1.53156
1.53696
1.54313
1.54965
1.55615
1.56224
1.56737
1.57082
1.57202
1.57087
1.56785
1.56386
1.55968
1.55544
1.55096
1.54643
1.54243
1.53882
1.53416
1.52635
1.51394
1.49691
1.47701
1.45794
1.44503
1.44359
1.45617
1.48107
1.51304
1.54567
1.57336
1.59254
1.60198
1.60285
1.59818
1.59165
1.58621
1.58356
1.58444
1.58901
1.59675
1.60615
1.6151
1.62169
1.62495
1.62513
1.62359
1.62234
1.62336
1.62797
1.63643
1.64769
1.6595
1.66876
1.67205
1.66641
1.65048
1.6255
1.59566
1.56703
1.54543
1.53397
1.53208
1.5364
1.54291
1.5487
1.55253
1.55438
1.55467
1.55411
1.55374
1.55493
1.5589
1.566
1.5755
1.58599
1.59594
1.60397
1.60869
1.60878
1.60334
1.5922
1.57601
1.55599
1.53362
1.51024
1.48717
1.46618
1.44997
1.4421
1.44587
1.46246
1.4897
1.52262
1.55555
1.58402
1.60556
1.61926
1.62505
1.6232
1.61447
1.60042
1.58343
1.56615
1.55068
1.53785
1.52755
1.51995
1.51602
1.51663
1.52094
1.52648
1.53076
1.53287
1.53377
1.53535
1.53921
1.54604
1.55555
1.56692
1.57921
1.59158
1.60325
1.61366
1.62269
1.63101
1.63984
1.65028
1.66261
1.67628
1.69033
1.70381
1.71562
1.72425
1.72773
1.72437
1.7137
1.69733
1.67878
1.66252
1.6524
1.65052
1.65665
1.66834
1.68183
1.69321
1.69945
1.6987
1.69014
1.67361
1.64944
1.61859
1.58325
1.54735
1.51652
1.49638
1.48992
1.49585
1.50975
1.52664
1.54289
1.55677
1.56792
1.57662
1.58325
1.58808
1.59143
1.59385
1.5962
1.59936
1.60372
1.60869
1.61277
1.61431
1.61242
1.60719
1.59917
1.58871
1.57608
1.56214
1.54875
1.53845
1.53347
1.53484
1.54219
1.55428
1.56997
1.58856
1.60984
1.63347
1.65863
1.68374
1.70652
1.72409
1.73316
1.7306
1.7142
1.6841
1.64451
1.60394
1.57085
1.54702
1.52706
1.50497
1.47921
1.45273
1.43079
1.41923
1.42275
1.44262
1.47526
1.51388
1.55235
1.5875
1.61887
1.64728
1.67355
1.69801
1.72038
1.7399
1.75524
1.76458
1.76581
1.757
1.73711
1.7068
1.66916
1.62997
1.59661
1.57532
1.56805
1.57179
1.58066
1.58903
1.59343
1.593
1.5888
1.58276
1.57668
1.57164
1.56797
1.56541
1.56355
1.56201
1.56073
1.55988
1.55959
1.55983
1.56029
1.5605
1.56009
1.55895
1.55755
1.55688
1.55784
1.56072
1.56512
1.57044
1.57629
1.58238
1.58845
1.59422
1.59944
1.60384
1.60707
1.6087
1.60822
1.60525
1.59997
1.59347
1.58788
1.58576
1.58918
1.59877
1.61335
1.63053
1.64755
1.66188
1.67154
1.67508
1.67169
1.66113
1.64361
1.61978
1.59116
1.5609
1.53369
1.51431
1.50547
1.50646
1.51404
1.52443
1.53498
1.54488
1.55488
1.56639
1.58048
1.59715
1.6153
1.63319
1.64909
1.66164
1.66999
1.67381
1.67311
1.6682
1.65962
1.64845
1.6366
1.62702
1.62312
1.6273
1.63949
1.6571
1.67666
1.69557
1.71269
1.72759
1.73986
1.74866
1.75278
1.75114
1.74333
1.73003
1.71289
1.69402
1.67529
1.65766
1.64088
1.62396
1.60638
1.58924
1.57534
1.56835
1.57131
1.58531
1.60888
1.63843
1.66953
1.69832
1.72236
1.74072
1.75338
1.76065
1.76271
1.75954
1.75119
1.73813
1.72161
1.70385
1.68798
1.67734
1.67409
1.6779
1.6857
1.69296
1.69566
1.69129
1.6792
1.66051
1.6377
1.61393
1.59239
1.57547
1.56411
1.55794
1.55609
1.5582
1.56489
1.57706
1.59466
1.61591
1.63789
1.65789
1.67436
1.68697
1.696
1.70162
1.70347
1.70082
1.69302
1.6801
1.66311
1.64407
1.62531
1.60845
1.59363
1.57969
1.56529
1.5503
1.53629
1.52587
1.52121
1.52315
1.53098
1.54283
1.55602
1.56785
1.57652
1.58156
1.58362
1.58389
1.58353
1.58334
1.58372
1.58483
1.58672
1.58942
1.59295
1.59732
1.60245
1.60818
1.61443
1.62126
1.62887
1.63754
1.64741
1.65814
1.66871
1.67751
1.68275
1.68282
1.67648
1.66306
1.64271
1.61751
1.59262
1.57588
1.57329
1.58402
1.60183
1.62111
1.64006
1.65927
1.67889
1.6973
1.71169
1.71915
1.71961
1.65014
1.64561
1.63883
1.63271
1.62925
1.62884
1.6305
1.6327
1.63396
1.63318
1.62932
1.62133
1.608
1.5883
1.56175
1.52886
1.49152
1.45306
1.41782
1.38999
1.37269
1.36791
1.37678
1.39925
1.43298
1.47313
1.51385
1.55009
1.57843
1.59692
1.60486
1.60291
1.5933
1.57961
1.56609
1.55638
1.55216
1.55253
1.55475
1.55589
1.55437
1.55082
1.54757
1.54715
1.55042
1.55589
1.56076
1.56262
1.56037
1.55408
1.54448
1.53228
1.51789
1.5016
1.48432
1.46839
1.45752
1.45475
1.4604
1.47216
1.48705
1.50294
1.51858
1.53317
1.54611
1.55719
1.56654
1.57438
1.58072
1.58517
1.58698
1.58528
1.5793
1.56861
1.55328
1.53402
1.51213
1.48933
1.46751
1.44841
1.43354
1.42415
1.42123
1.42519
1.43515
1.44828
1.46012
1.46616
1.46387
1.45433
1.44241
1.43532
1.43967
1.45816
1.48829
1.52398
1.55857
1.58712
1.60727
1.6187
1.62223
1.61905
1.61023
1.59675
1.5798
1.56104
1.54287
1.52826
1.52019
1.52075
1.53048
1.5484
1.57252
1.60032
1.62891
1.65519
1.6765
1.69135
1.69966
1.70233
1.70056
1.69524
1.687
1.67633
1.66376
1.64989
1.63531
1.62039
1.60521
1.58944
1.57267
1.55496
1.53744
1.52265
1.51414
1.51515
1.52702
1.54822
1.57473
1.60148
1.62392
1.63919
1.64692
1.64953
1.65146
1.65706
1.66821
1.68333
1.69882
1.71122
1.71846
1.71983
1.71542
1.7057
1.69145
1.67393
1.65475
1.63546
1.61721
1.60094
1.5878
1.57912
1.57581
1.57741
1.58183
1.58602
1.58723
1.58417
1.5773
1.56836
1.55943
1.55195
1.54629
1.54214
1.53902
1.53641
1.53384
1.53081
1.5269
1.52178
1.51512
1.50667
1.49662
1.48596
1.47677
1.47182
1.4738
1.48426
1.50289
1.52735
1.55403
1.57892
1.5987
1.61138
1.61645
1.61472
1.60793
1.59837
1.58849
1.58055
1.57627
1.57656
1.58154
1.59044
1.60172
1.61336
1.62338
1.6304
1.63397
1.63449
1.63285
1.63018
1.62761
1.62597
1.62542
1.62564
1.62612
1.62623
1.62506
1.62122
1.61305
1.59926
1.5795
1.55454
1.52612
1.49635
1.4672
1.44032
1.41725
1.40001
1.39098
1.39209
1.40401
1.42602
1.45627
1.49204
1.5302
1.56738
1.60012
1.62532
1.64097
1.6466
1.64308
1.63206
1.61545
1.59522
1.57351
1.55291
1.53628
1.5258
1.52189
1.52287
1.52608
1.52906
1.53018
1.529
1.52625
1.52339
1.52202
1.52324
1.52763
1.5356
1.54766
1.56388
1.58327
1.60353
1.62166
1.63523
1.64356
1.64793
1.6509
1.65478
1.66021
1.66582
1.66933
1.66907
1.66457
1.6561
1.64393
1.62799
1.60806
1.58465
1.55997
1.5387
1.52755
1.53255
1.55527
1.59118
1.63206
1.67004
1.69979
1.71871
1.72634
1.7236
1.71226
1.69465
1.6734
1.65111
1.63003
1.61155
1.59617
1.58382
1.57424
1.56754
1.5644
1.5656
1.57118
1.57981
1.58937
1.59822
1.60585
1.61243
1.61795
1.62181
1.62308
1.6205
1.61281
1.59955
1.58234
1.56513
1.55259
1.54794
1.55173
1.56197
1.57527
1.58794
1.59704
1.6009
1.59899
1.59147
1.57873
1.56144
1.54093
1.51963
1.50085
1.48756
1.48107
1.48103
1.48632
1.49574
1.50824
1.52298
1.53958
1.55817
1.57886
1.60079
1.62163
1.6381
1.64709
1.64666
1.63644
1.6179
1.59433
1.56998
1.54837
1.53071
1.51601
1.50251
1.48905
1.47574
1.46391
1.45567
1.45297
1.45661
1.46573
1.47816
1.49128
1.50279
1.51102
1.51472
1.51291
1.50486
1.4903
1.46994
1.44641
1.42505
1.41327
1.41707
1.43694
1.46765
1.50161
1.53243
1.5561
1.57096
1.57719
1.57597
1.56877
1.55675
1.54066
1.52106
1.49899
1.47659
1.45718
1.44439
1.44083
1.4469
1.46049
1.47786
1.49525
1.51019
1.52177
1.52978
1.5338
1.53326
1.52796
1.51852
1.50657
1.4947
1.4859
1.48238
1.48454
1.4913
1.50111
1.51282
1.52602
1.54063
1.55622
1.57169
1.58567
1.59729
1.60653
1.6142
1.62139
1.62856
1.63498
1.63889
1.63848
1.63295
1.62315
1.61119
1.59932
1.5892
1.58193
1.57848
1.57977
1.58625
1.59758
1.6128
1.63067
1.64996
1.66939
1.68734
1.7019
1.71134
1.7149
1.71338
1.70907
1.70469
1.70197
1.70098
1.70093
1.70131
1.70257
1.70544
1.71005
1.71536
1.71903
1.71798
1.7091
1.69029
1.66184
1.62782
1.596
1.57461
1.56779
1.57377
1.58693
1.60065
1.60915
1.60832
1.59602
1.57215
1.53905
1.50174
1.46788
1.446
1.44246
1.45853
1.48976
1.52833
1.5663
1.59798
1.62069
1.63417
1.63966
1.63894
1.63377
1.62576
1.61649
1.60758
1.6003
1.59537
1.59293
1.59271
1.5941
1.59637
1.59876
1.60069
1.60194
1.60268
1.60329
1.60419
1.60557
1.60726
1.60855
1.6083
1.60519
1.59839
1.58799
1.57532
1.56282
1.55327
1.54859
1.54871
1.5515
1.554
1.55426
1.55259
1.55089
1.55112
1.55405
1.55933
1.56612
1.5734
1.57991
1.58402
1.58431
1.58051
1.574
1.56721
1.5618
1.55727
1.55132
1.54153
1.52686
1.50806
1.48714
1.46656
1.44844
1.43437
1.42537
1.42213
1.42488
1.43304
1.4449
1.4578
1.46855
1.47436
1.47352
1.46572
1.45214
1.43527
1.41846
1.40533
1.399
1.40125
1.41203
1.42966
1.45158
1.47534
1.49925
1.52258
1.54511
1.56677
1.58717
1.60552
1.62081
1.63197
1.63807
1.63844
1.63275
1.62104
1.60382
1.58211
1.55754
1.53221
1.50845
1.48851
1.47425
1.4671
1.46789
1.47652
1.49181
1.51138
1.53228
1.55188
1.5686
1.58201
1.59236
1.59997
1.60473
1.60622
1.60398
1.59806
1.58953
1.58056
1.57386
1.57146
1.57354
1.5785
1.58432
1.58985
1.59534
1.60193
1.61075
1.62211
1.63501
1.64727
1.65625
1.65961
1.65619
1.64649
1.63296
1.61906
1.60745
1.59841
1.59026
1.58104
1.57019
1.55926
1.55186
1.55241
1.56359
1.58419
1.60974
1.63528
1.65775
1.67632
1.69114
1.70183
1.70699
1.70494
1.69498
1.67818
1.65728
1.63599
1.61771
1.6044
1.59616
1.59155
1.58861
1.58594
1.58349
1.58259
1.58507
1.59225
1.60423
1.61982
1.63716
1.65432
1.66975
1.6824
1.69167
1.69724
1.69892
1.69628
1.68854
1.67466
1.65379
1.62606
1.59318
1.55876
1.52746
1.50325
1.48738
1.47782
1.47106
1.46444
1.45769
1.45302
1.454
1.46303
1.47953
1.50042
1.52234
1.54363
1.56438
1.58494
1.60413
1.61889
1.62585
1.62372
1.61457
1.60319
1.59451
1.59099
1.59225
1.59665
1.60268
1.60923
1.61536
1.62034
1.624
1.62677
1.62951
1.63292
1.63715
1.64147
1.64458
1.64547
1.644
1.6408
1.63639
1.63015
1.6204
1.60572
1.58634
1.56465
1.54439
1.52911
1.52098
1.52044
1.52666
1.53806
1.55252
1.56735
1.57935
1.58529
1.58269
1.57058
1.55001
1.52404
1.49727
1.4748
1.46054
1.45572
1.45853
1.46531
1.47224
1.47682
1.4785
1.47863
1.48
1.48574
1.49783
1.51589
1.53708
1.55737
1.57337
1.58328
1.58693
1.58507
1.5788
1.56916
1.55709
1.54345
1.5291
1.51492
1.50176
1.4905
1.48201
1.47729
1.47733
1.48285
1.49387
1.50938
1.52743
1.54564
1.56164
1.57355
1.58019
1.58127
1.57738
1.56975
1.56001
1.54961
1.53951
1.53003
1.52098
1.51193
1.50253
1.49274
1.48309
1.47466
1.4688
1.46659
1.46833
1.47322
1.47965
1.48594
1.49105
1.49486
1.49784
1.50067
1.50413
1.50913
1.51655
1.52667
1.53909
1.55294
1.56768
1.58361
1.60153
1.62201
1.64462
1.66761
1.68831
1.70373
1.71119
1.70895
1.69677
1.67608
1.6496
1.6205
1.5915
1.56455
1.54093
1.52181
1.50855
1.50262
1.50472
1.51399
1.52775
1.54256
1.55557
1.5654
1.57226
1.57737
1.58235
1.5885
1.59629
1.60519
1.61405
1.62154
1.62645
1.62788
1.62568
1.62099
1.61642
1.61506
1.61893
1.62797
1.64052
1.65438
1.66742
1.67783
1.68429
1.68614
1.68344
1.67689
1.66749
1.65615
1.64348
1.62969
1.61499
1.6001
1.5864
1.57562
1.56895
1.56658
1.56783
1.57154
1.5763
1.58065
1.58343
1.58435
1.58414
1.58408
1.58519
1.5877
1.59131
1.59579
1.601
1.60644
1.61083
1.61271
1.61136
1.60731
1.60218
1.5981
1.59723
1.60146
1.61215
1.62953
1.65224
1.67741
1.70157
1.72162
1.73549
1.74222
1.74166
1.73428
1.72074
1.70199
1.67935
1.65439
1.6289
1.6044
1.58176
1.56089
1.54089
1.52073
1.50003
1.48013
1.46416
1.45611
1.45843
1.46974
1.48498
1.49813
1.50512
1.50468
1.49779
1.48648
1.47305
1.45964
1.44823
1.4408
1.43931
1.4453
1.45937
1.48039
1.50559
1.53132
1.55408
1.57142
1.58231
1.58727
1.58818
1.58755
1.58728
1.5883
1.59141
1.59817
1.61037
1.62866
1.65204
1.67826
1.70461
1.72861
1.74841
1.76275
1.77075
1.77168
1.76483
1.74945
1.72478
1.69045
1.64699
1.59662
1.54352
1.49345
1.45231
1.42466
1.41236
1.41413
1.42628
1.44452
1.46572
1.48829
1.51154
1.53475
1.55656
1.57498
1.58782
1.59348
1.59169
1.58389
1.57294
1.56219
1.55418
1.54961
1.54754
1.54628
1.54467
1.54282
1.54157
1.54113
1.54033
1.53742
1.53143
1.52264
1.51195
1.50024
1.48822
1.47677
1.46699
1.45992
1.4558
1.45411
1.45405
1.45558
1.45997
1.46945
1.48602
1.5101
1.53979
1.57132
1.60012
1.62206
1.63425
1.63544
1.6259
1.60718
1.58161
1.55207
1.52198
1.49533
1.47623
1.46783
1.46745
1.6513
1.65728
1.66444
1.67064
1.67581
1.68108
1.68755
1.69523
1.70291
1.70877
1.71121
1.70955
1.70434
1.69717
1.69001
1.68448
1.68136
1.68033
1.68027
1.67967
1.6772
1.67212
1.66456
1.65533
1.64549
1.63578
1.62681
1.61975
1.61691
1.62109
1.63356
1.65251
1.67336
1.69063
1.69999
1.69933
1.68909
1.67188
1.65149
1.6318
1.61549
1.60337
1.59438
1.58646
1.57821
1.57025
1.56515
1.56515
1.57004
1.57721
1.58366
1.58772
1.58963
1.59119
1.59493
1.60293
1.6158
1.63221
1.64888
1.66171
1.667
1.66267
1.64911
1.62908
1.60687
1.5868
1.57202
1.56401
1.56303
1.56885
1.58109
1.59908
1.62155
1.64651
1.67138
1.69346
1.71051
1.72118
1.7251
1.72268
1.71508
1.70409
1.6919
1.68057
1.67161
1.66594
1.66395
1.66531
1.66871
1.67219
1.67381
1.67219
1.66659
1.6569
1.64359
1.62779
1.61111
1.5954
1.5822
1.57239
1.56607
1.56268
1.5615
1.56231
1.56563
1.57232
1.58268
1.59586
1.6097
1.62132
1.62788
1.62753
1.62014
1.60748
1.59268
1.57934
1.57069
1.56909
1.57602
1.59182
1.61539
1.64359
1.6716
1.69418
1.7072
1.70869
1.69936
1.68215
1.66136
1.64132
1.62518
1.61447
1.60925
1.6087
1.61172
1.61734
1.62464
1.63265
1.64018
1.64595
1.64896
1.64902
1.64724
1.64633
1.64989
1.6608
1.67956
1.70397
1.73056
1.75605
1.77806
1.79523
1.80686
1.81268
1.81258
1.80643
1.79414
1.77584
1.75207
1.72403
1.69354
1.66302
1.63553
1.6145
1.60276
1.60127
1.60864
1.62217
1.63924
1.65807
1.67753
1.69672
1.71477
1.73069
1.74349
1.75237
1.75678
1.75674
1.75298
1.74716
1.74149
1.73815
1.73847
1.74243
1.74867
1.75505
1.75945
1.76044
1.75784
1.75282
1.7474
1.74369
1.74307
1.74584
1.75109
1.75724
1.76251
1.76542
1.76489
1.76042
1.75185
1.73932
1.72326
1.70454
1.68453
1.66535
1.65005
1.64286
1.64775
1.66511
1.69032
1.71663
1.73885
1.75444
1.76275
1.7641
1.75936
1.74985
1.73713
1.72284
1.70863
1.69605
1.68641
1.68064
1.67904
1.68109
1.6854
1.69003
1.6928
1.69185
1.68657
1.67801
1.66895
1.66283
1.66234
1.6684
1.68006
1.69512
1.71103
1.72555
1.73708
1.74458
1.74728
1.74414
1.73416
1.71701
1.69377
1.66692
1.6397
1.61531
1.59638
1.58487
1.58161
1.5858
1.59504
1.60632
1.61783
1.63063
1.64844
1.67471
1.70917
1.74763
1.78499
1.81759
1.84342
1.86158
1.87165
1.87349
1.86728
1.8533
1.83207
1.80429
1.77106
1.73417
1.69598
1.65931
1.62679
1.60025
1.58032
1.56641
1.55698
1.55014
1.54426
1.53861
1.53382
1.5313
1.53199
1.53516
1.53834
1.53847
1.5336
1.52466
1.51623
1.51519
1.52649
1.54924
1.57703
1.60204
1.6187
1.62502
1.62194
1.61203
1.59824
1.583
1.56799
1.55392
1.54061
1.52736
1.51352
1.49932
1.48636
1.47787
1.47787
1.48936
1.51206
1.54194
1.57277
1.59872
1.61612
1.62389
1.62301
1.61558
1.60405
1.59058
1.57694
1.56474
1.5559
1.55289
1.55794
1.57142
1.59075
1.61119
1.62817
1.63905
1.64381
1.64475
1.6453
1.64834
1.65516
1.66538
1.67808
1.69262
1.70839
1.72402
1.7368
1.74292
1.73863
1.72164
1.69262
1.65615
1.62069
1.5961
1.58891
1.59886
1.61978
1.64386
1.66532
1.68141
1.69171
1.69707
1.69909
1.6998
1.70111
1.70411
1.70877
1.71464
1.72214
1.73299
1.74883
1.76829
1.78616
1.7962
1.79441
1.78042
1.75703
1.72922
1.7026
1.68176
1.6691
1.66483
1.66789
1.6768
1.68988
1.70512
1.72008
1.73194
1.73809
1.73673
1.72757
1.71197
1.69277
1.67369
1.65828
1.64898
1.64627
1.64856
1.65304
1.65696
1.65877
1.65829
1.65606
1.65244
1.64752
1.64192
1.63757
1.6369
1.64082
1.64756
1.65363
1.65594
1.65293
1.64463
1.63206
1.61687
1.60144
1.58903
1.5832
1.58646
1.59913
1.61964
1.64578
1.67533
1.70601
1.73513
1.75985
1.77785
1.78811
1.79117
1.78876
1.78316
1.77647
1.77016
1.76515
1.76176
1.75941
1.75657
1.75132
1.74262
1.73128
1.71937
1.70851
1.69848
1.68759
1.67415
1.6575
1.63828
1.61816
1.59927
1.58364
1.57313
1.57026
1.57862
1.6003
1.63247
1.66807
1.70011
1.72456
1.74026
1.74777
1.74817
1.74248
1.7315
1.71593
1.69672
1.67542
1.65417
1.63566
1.62247
1.61624
1.61713
1.62386
1.6344
1.64681
1.65983
1.67284
1.68547
1.69741
1.70813
1.717
1.72347
1.72749
1.72972
1.73138
1.73368
1.73723
1.74177
1.74607
1.74825
1.74649
1.73981
1.72852
1.71419
1.69924
1.6862
1.67702
1.6725
1.67199
1.6737
1.67533
1.67495
1.6714
1.66431
1.65415
1.64185
1.62812
1.6127
1.59447
1.57289
1.54959
1.52851
1.51419
1.50933
1.5141
1.52723
1.5469
1.57046
1.59378
1.61253
1.62418
1.62931
1.63097
1.63284
1.63741
1.64547
1.65677
1.67065
1.68576
1.69981
1.71025
1.71545
1.71538
1.71123
1.70464
1.69713
1.69005
1.68472
1.68248
1.68459
1.69168
1.70346
1.71836
1.73393
1.7476
1.75742
1.76258
1.76323
1.7601
1.75387
1.74526
1.73517
1.72467
1.71491
1.70669
1.70035
1.69583
1.69287
1.69091
1.68908
1.68621
1.68097
1.67225
1.6598
1.64483
1.63001
1.61843
1.61201
1.61065
1.61288
1.61737
1.62388
1.63308
1.64544
1.66024
1.67514
1.68671
1.69133
1.68616
1.6703
1.64611
1.6201
1.60111
1.5952
1.60205
1.61691
1.63486
1.65267
1.66857
1.68189
1.69283
1.70208
1.71012
1.71674
1.72119
1.72282
1.7215
1.71742
1.71079
1.70148
1.68942
1.67523
1.66075
1.64891
1.64308
1.64576
1.65761
1.67728
1.70221
1.72976
1.75801
1.78576
1.81214
1.83602
1.8558
1.86956
1.87555
1.87277
1.86135
1.84264
1.81906
1.79338
1.76801
1.74456
1.72393
1.70664
1.69322
1.6841
1.67925
1.67771
1.6775
1.67615
1.67165
1.66304
1.65056
1.63529
1.6187
1.60232
1.58764
1.57591
1.56796
1.56413
1.56466
1.57035
1.58312
1.6053
1.63787
1.67879
1.72311
1.7644
1.79668
1.8156
1.81874
1.80555
1.7774
1.73766
1.69168
1.64617
1.60799
1.5824
1.57137
1.57281
1.58136
1.5909
1.59692
1.59755
1.59313
1.58508
1.57464
1.56243
1.54854
1.53316
1.51739
1.50338
1.49396
1.49151
1.49679
1.50835
1.52309
1.53741
1.54828
1.55417
1.55548
1.55439
1.55394
1.55667
1.56359
1.57418
1.58687
1.59973
1.61095
1.61913
1.62373
1.62549
1.6268
1.63109
1.64143
1.65875
1.68147
1.7067
1.73198
1.7559
1.77757
1.79612
1.81042
1.81918
1.82142
1.81691
1.80632
1.79117
1.77337
1.7547
1.73638
1.71874
1.70136
1.68419
1.6697
1.66398
1.67343
1.69811
1.73027
1.76036
1.78256
1.79529
1.79939
1.79651
1.78834
1.77661
1.76323
1.75038
1.74038
1.73514
1.73522
1.73934
1.74457
1.74717
1.74376
1.73237
1.71295
1.68735
1.65883
1.63114
1.60786
1.59203
1.58561
1.58893
1.60048
1.61741
1.63663
1.65572
1.67309
1.68764
1.69841
1.70441
1.70518
1.70129
1.69468
1.68844
1.68591
1.68945
1.69973
1.71554
1.73429
1.75264
1.76732
1.77599
1.77776
1.77343
1.7653
1.75653
1.75024
1.74842
1.75142
1.75821
1.76731
1.77753
1.78816
1.79833
1.80647
1.81028
1.80743
1.79696
1.78033
1.76136
1.7448
1.73414
1.73066
1.73398
1.74282
1.75523
1.76851
1.77928
1.78409
1.78025
1.76644
1.74331
1.71361
1.68157
1.65156
1.62684
1.60911
1.59915
1.5975
1.60429
1.61856
1.63783
1.65874
1.67806
1.6936
1.70482
1.7126
1.71868
1.72484
1.73199
1.73992
1.74775
1.75491
1.76179
1.76916
1.77701
1.78388
1.78763
1.78679
1.78106
1.77109
1.75782
1.74219
1.72534
1.70906
1.69595
1.68858
1.68764
1.69062
1.6928
1.68979
1.67997
1.66498
1.6485
1.6343
1.62488
1.62115
1.62277
1.62873
1.63768
1.64859
1.66105
1.67545
1.69242
1.7119
1.73276
1.75345
1.77301
1.79128
1.80822
1.82322
1.83481
1.84106
1.8403
1.83163
1.81518
1.79218
1.76495
1.73679
1.71143
1.69228
1.68124
1.67802
1.67996
1.6832
1.68412
1.68061
1.67226
1.66003
1.64543
1.62985
1.61396
1.59734
1.57834
1.55476
1.52485
1.48892
1.45043
1.41603
1.39377
1.38981
1.40569
1.43791
1.48002
1.52516
1.5679
1.60509
1.63579
1.66062
1.68079
1.69683
1.70854
1.71567
1.71866
1.71855
1.71609
1.71107
1.70261
1.69008
1.67423
1.65738
1.6425
1.63168
1.62484
1.62007
1.61524
1.60994
1.6059
1.60533
1.60886
1.61537
1.62358
1.63326
1.64522
1.6606
1.67983
1.70213
1.72554
1.74731
1.76446
1.77425
1.7745
1.76406
1.74331
1.71444
1.68138
1.64926
1.62339
1.60804
1.60537
1.61484
1.6336
1.65773
1.68392
1.71051
1.7373
1.76435
1.7905
1.8133
1.8298
1.83759
1.83538
1.82288
1.80077
1.77067
1.73528
1.69839
1.6643
1.63695
1.61894
1.61106
1.61221
1.6198
1.63098
1.64414
1.65929
1.67711
1.69742
1.71865
1.73873
1.75605
1.7697
1.77905
1.78319
1.78088
1.77088
1.75273
1.72759
1.69834
1.66865
1.64155
1.61879
1.60145
1.59036
1.58593
1.58799
1.59614
1.61007
1.6291
1.65148
1.67461
1.696
1.71386
1.72717
1.73538
1.7383
1.73614
1.72975
1.72074
1.71117
1.70266
1.69554
1.68847
1.67954
1.66771
1.65358
1.63914
1.62782
1.62673
1.64215
1.63785
1.63667
1.63669
1.63585
1.63253
1.62592
1.61597
1.60318
1.5884
1.57266
1.55687
1.54163
1.52726
1.51417
1.50311
1.49492
1.49021
1.48927
1.49253
1.50099
1.51593
1.53821
1.56777
1.60374
1.64491
1.68976
1.73566
1.77843
1.81341
1.83721
1.84893
1.85022
1.84463
1.83641
1.8289
1.82276
1.81558
1.80338
1.78296
1.7534
1.71618
1.67459
1.63269
1.59428
1.56231
1.53867
1.5245
1.52045
1.52618
1.53964
1.55704
1.57421
1.58844
1.59918
1.60751
1.61512
1.62364
1.6345
1.64908
1.6685
1.69302
1.72152
1.75154
1.78001
1.80419
1.82206
1.83261
1.83607
1.83366
1.82713
1.81785
1.80662
1.79398
1.78099
1.76923
1.76017
1.75417
1.75008
1.74562
1.73821
1.72593
1.7082
1.68634
1.6634
1.64295
1.62778
1.61939
1.61826
1.62433
1.63697
1.65435
1.67308
1.68882
1.69758
1.69681
1.68585
1.66557
1.63774
1.60463
1.56899
1.53431
1.50481
1.48479
1.47716
1.48215
1.49728
1.5185
1.54168
1.56351
1.58186
1.59594
1.60622
1.61381
1.61966
1.62367
1.62447
1.62025
1.60989
1.59384
1.57448
1.55575
1.5421
1.53704
1.5419
1.55551
1.57494
1.59682
1.61816
1.63665
1.65088
1.6604
1.66546
1.66653
1.66428
1.65984
1.65523
1.65318
1.65654
1.66732
1.68587
1.71067
1.7388
1.76677
1.79145
1.81049
1.82224
1.82547
1.81911
1.80257
1.77617
1.74165
1.70203
1.66098
1.62211
1.58841
1.56213
1.54491
1.5379
1.54174
1.55619
1.57981
1.61009
1.64416
1.67965
1.71508
1.74955
1.78221
1.8118
1.83658
1.85463
1.8644
1.8653
1.85796
1.84393
1.82503
1.80222
1.77516
1.7427
1.70456
1.66296
1.62303
1.59122
1.57283
1.57003
1.5814
1.60296
1.62976
1.65735
1.68286
1.70519
1.72472
1.74265
1.75954
1.77408
1.78329
1.7844
1.7764
1.76017
1.73767
1.71103
1.68235
1.65384
1.62815
1.60827
1.59692
1.59544
1.60281
1.61598
1.63136
1.64638
1.66008
1.67238
1.683
1.69101
1.69523
1.69491
1.69025
1.68242
1.67311
1.66419
1.65719
1.65318
1.65257
1.6551
1.65973
1.66472
1.66831
1.67016
1.67233
1.67833
1.69005
1.70585
1.72229
1.73689
1.74902
1.75898
1.76683
1.77185
1.77292
1.76926
1.76111
1.74982
1.73737
1.72566
1.71605
1.70959
1.70754
1.7113
1.72167
1.73785
1.75708
1.77539
1.78929
1.79676
1.79713
1.79051
1.77734
1.75859
1.73591
1.7114
1.68708
1.66447
1.64443
1.62742
1.61407
1.60523
1.60179
1.60431
1.61263
1.62543
1.64024
1.654
1.66427
1.6699
1.67071
1.66698
1.65954
1.64997
1.64073
1.63456
1.63347
1.63797
1.64708
1.65913
1.67259
1.6866
1.70081
1.71519
1.72947
1.74294
1.75439
1.76239
1.76559
1.76285
1.75355
1.73764
1.71563
1.68868
1.65856
1.62774
1.59917
1.57592
1.56069
1.5554
1.56097
1.5772
1.6027
1.635
1.67062
1.70558
1.73599
1.75888
1.77287
1.7784
1.7774
1.77249
1.76617
1.76036
1.75658
1.75589
1.75863
1.76391
1.7695
1.77229
1.76928
1.75873
1.7409
1.71823
1.69439
1.67274
1.65461
1.6387
1.62195
1.60119
1.57438
1.54181
1.50676
1.47572
1.45654
1.45479
1.47086
1.50033
1.53666
1.57358
1.60631
1.63198
1.64968
1.66003
1.66425
1.66373
1.66007
1.65572
1.65386
1.65739
1.66739
1.68251
1.69993
1.71657
1.72881
1.73197
1.72193
1.69832
1.66624
1.63517
1.61552
1.61419
1.63125
1.66049
1.69312
1.72156
1.74132
1.75091
1.75121
1.74487
1.73549
1.72637
1.71903
1.71281
1.70564
1.69551
1.68159
1.66455
1.64643
1.63053
1.62086
1.62106
1.6327
1.65419
1.68157
1.7105
1.73784
1.76189
1.78174
1.79655
1.80508
1.80593
1.79802
1.7811
1.75619
1.7267
1.70001
1.68636
1.69231
1.71486
1.74492
1.77455
1.79982
1.81991
1.83531
1.84665
1.85414
1.85743
1.85589
1.84907
1.83723
1.82175
1.80519
1.79053
1.78023
1.77532
1.77507
1.77739
1.77972
1.77991
1.77676
1.7701
1.76051
1.74917
1.73754
1.72693
1.71765
1.70848
1.6974
1.68335
1.6677
1.6541
1.64693
1.64899
1.65989
1.67615
1.69288
1.70585
1.71306
1.71534
1.71605
1.71953
1.72852
1.74252
1.75849
1.77296
1.78323
1.78737
1.78399
1.77229
1.75231
1.72507
1.69246
1.65695
1.62135
1.58879
1.56284
1.54764
1.54674
1.56132
1.589
1.62431
1.66036
1.69078
1.71134
1.72072
1.72047
1.71407
1.70547
1.69749
1.69134
1.68732
1.68584
1.68747
1.69234
1.69965
1.70787
1.71545
1.72139
1.7254
1.72773
1.72875
1.72873
1.72779
1.72581
1.72237
1.71634
1.70569
1.68779
1.66035
1.62278
1.57745
1.52997
1.4877
1.45705
1.44108
1.43938
1.44968
1.46941
1.49612
1.52743
1.56091
1.59446
1.62647
1.65566
1.68055
1.69939
1.71056
1.71339
1.70871
1.69915
1.68842
1.67989
1.67506
1.67302
1.67127
1.66736
1.65995
1.64882
1.63448
1.61807
1.60194
1.58981
1.58523
1.58888
1.59826
1.61038
1.6247
1.64347
1.66952
1.7031
1.74052
1.77573
1.80316
1.81919
1.82216
1.81169
1.78835
1.75374
1.71094
1.66494
1.62249
1.59119
1.57698
1.58113
1.59943
1.6245
1.64957
1.67072
1.68711
1.69999
1.71135
1.72296
1.7357
1.74935
1.76267
1.77373
1.78061
1.7818
1.77651
1.76453
1.74616
1.72237
1.6951
1.66707
1.64133
1.62055
1.60654
1.60015
1.60171
1.61118
1.62808
1.65119
1.67827
1.7064
1.73273
1.7552
1.77285
1.78556
1.79328
1.79529
1.78979
1.77451
1.74823
1.71339
1.67842
1.65621
1.65613
1.67607
1.70459
1.73017
1.74656
1.7521
1.74695
1.73162
1.7067
1.67359
1.63516
1.59597
1.56164
1.5377
1.52832
1.53539
1.55846
1.59484
1.63975
1.68679
1.72931
1.76228
1.78373
1.79485
1.79858
1.79758
1.79298
1.78464
1.77226
1.7565
1.7395
1.72444
1.71463
1.71231
1.71779
1.72921
1.74284
1.75408
1.75835
1.75204
1.7333
1.70249
1.66266
1.6193
1.57926
1.54859
1.53072
1.52596
1.53218
1.54532
1.56026
1.57227
1.57912
1.58186
1.58401
1.58963
1.60169
1.6213
1.64773
1.67869
1.7109
1.74097
1.76628
1.78557
1.79899
1.80792
1.81442
1.82031
1.8263
1.83158
1.83431
1.8327
1.82619
1.81611
1.80525
1.79649
1.7912
1.78846
1.78593
1.78137
1.77382
1.76377
1.75251
1.74146
1.73173
1.72394
1.7183
1.71448
1.7116
1.70807
1.70181
1.69093
1.67496
1.65558
1.63649
1.62218
1.61624
1.62048
1.63495
1.65815
1.68712
1.71812
1.74792
1.77476
1.79811
1.81796
1.83433
1.84733
1.85723
1.8645
1.86989
1.87409
1.87715
1.87759
1.87218
1.85691
1.82926
1.79093
1.74949
1.71574
1.696
1.68772
1.68433
1.68197
1.6805
1.68077
1.68232
1.68301
1.68007
1.67129
1.65579
1.63456
1.61051
1.5879
1.57096
1.56218
1.5613
1.56608
1.57405
1.58396
1.59595
1.61075
1.62875
1.64928
1.67042
1.68928
1.70281
1.70866
1.70587
1.69533
1.67987
1.66378
1.65187
1.6479
1.65318
1.66593
1.68186
1.69569
1.70291
1.70091
1.68921
1.66908
1.64293
1.61354
1.58358
1.5555
1.53193
1.51602
1.51127
1.52055
1.5446
1.58112
1.62489
1.66922
1.70768
1.73558
1.75054
1.75247
1.74304
1.72518
1.70245
1.67888
1.65855
1.64488
1.63985
1.64341
1.65359
1.6672
1.68084
1.69146
1.69653
1.69419
1.68351
1.66483
1.64032
1.61417
1.59183
1.57786
1.57365
1.57681
1.58289
1.58788
1.58953
1.58745
1.58239
1.57571
1.56922
1.56506
1.56519
1.57066
1.58121
1.59555
1.61207
1.62959
1.64775
1.66681
1.68688
1.70724
1.72619
1.74161
1.75187
1.75637
1.75584
1.75215
1.74783
1.74526
1.7459
1.74962
1.75475
1.75884
1.7599
1.75715
1.75134
1.7444
1.73873
1.73614
1.73746
1.74258
1.75076
1.76088
1.77135
1.78061
1.78777
1.79295
1.79697
1.80072
1.80476
1.80945
1.81521
1.82267
1.83244
1.84462
1.85838
1.87202
1.88357
1.89133
1.89427
1.89193
1.88425
1.87134
1.85352
1.83125
1.80535
1.77716
1.74858
1.72197
1.6999
1.68471
1.67788
1.67971
1.68926
1.70466
1.72357
1.74349
1.76207
1.77743
1.78845
1.79464
1.79575
1.79128
1.78105
1.76599
1.74833
1.7311
1.7177
1.71211
1.71837
1.73891
1.77276
1.81487
1.85765
1.89364
1.91781
1.92846
1.92689
1.91619
1.89965
1.87936
1.85561
1.82764
1.79486
1.75794
1.71892
1.68074
1.64658
1.6193
1.60116
1.59366
1.59725
1.61105
1.63301
1.66042
1.6903
1.71971
1.74567
1.76525
1.77608
1.77707
1.76908
1.7552
1.73986
1.72714
1.71892
1.71462
1.71264
1.71182
1.71188
1.71242
1.71188
1.70763
1.69697
1.67847
1.65281
1.62304
1.59443
1.57378
1.56732
1.57768
1.60197
1.6333
1.66418
1.68908
1.70537
1.71289
1.71324
1.70894
1.703
1.69886
1.69989
1.70834
1.72392
1.7436
1.76283
1.77724
1.78378
1.78092
1.76832
1.74647
1.71667
1.68122
1.64361
1.60849
1.58134
1.56732
1.56995
1.5898
1.62411
1.6678
1.71483
1.75935
1.79636
1.82209
1.83416
1.83172
1.81543
1.78769
1.75272
1.71601
1.68248
1.65409
1.62931
1.60547
1.58208
1.5623
1.55119
1.55188
1.56322
1.58055
1.59821
1.61153
1.61749
1.61491
1.60441
1.58803
1.56842
1.54861
1.53228
1.52363
1.52593
1.54048
1.56671
1.60285
1.64638
1.69391
1.74136
1.78458
1.82005
1.84333
1.84535
1.66196
1.66579
1.66119
1.64955
1.63274
1.61274
1.59126
1.56974
1.55
1.53471
1.52717
1.52987
1.54295
1.5641
1.58976
1.61686
1.64354
1.669
1.69267
1.7135
1.7296
1.73833
1.73704
1.724
1.69931
1.6658
1.62906
1.59636
1.57399
1.56434
1.56524
1.57204
1.58042
1.58749
1.59184
1.59351
1.59404
1.59613
1.60266
1.61548
1.63432
1.65688
1.67986
1.70027
1.71636
1.72771
1.73486
1.73882
1.74072
1.74164
1.74241
1.74333
1.7436
1.74116
1.73326
1.71728
1.69168
1.65654
1.6136
1.56598
1.51772
1.47324
1.43677
1.41195
1.40133
1.40596
1.42484
1.45481
1.49105
1.52832
1.56214
1.58951
1.60886
1.61972
1.62209
1.61621
1.60247
1.58151
1.55461
1.52409
1.49356
1.46734
1.44878
1.43871
1.43558
1.43717
1.44195
1.44947
1.45966
1.47225
1.48621
1.4997
1.51086
1.51897
1.52536
1.53298
1.54442
1.55997
1.57708
1.59176
1.60056
1.60186
1.59658
1.5882
1.58212
1.58318
1.59251
1.60729
1.62363
1.63896
1.6521
1.66249
1.6698
1.67396
1.67545
1.67528
1.67464
1.67433
1.67414
1.67293
1.66939
1.66284
1.65371
1.64347
1.63424
1.62803
1.62585
1.62713
1.62977
1.63082
1.62746
1.61768
1.60074
1.57725
1.54926
1.52033
1.49536
1.48002
1.47917
1.49477
1.52447
1.56205
1.59953
1.62968
1.64777
1.65217
1.64397
1.62633
1.60368
1.58073
1.56132
1.54741
1.53878
1.53358
1.52937
1.52429
1.51772
1.51041
1.50423
1.50148
1.50396
1.51204
1.52426
1.53795
1.55034
1.55969
1.56565
1.56939
1.57363
1.58167
1.59527
1.61261
1.62892
1.63917
1.64057
1.63327
1.61981
1.60395
1.58942
1.57869
1.57228
1.56912
1.56769
1.56705
1.56711
1.56843
1.57147
1.57606
1.58138
1.58624
1.58974
1.5914
1.59109
1.5886
1.58347
1.57507
1.56313
1.54861
1.53458
1.5259
1.52721
1.54008
1.56175
1.58668
1.60931
1.62591
1.63517
1.63793
1.63654
1.63373
1.63147
1.63028
1.62948
1.62817
1.62584
1.62278
1.62006
1.61909
1.62101
1.62589
1.63272
1.64035
1.64846
1.65794
1.67021
1.68606
1.70468
1.72337
1.7382
1.74506
1.74066
1.72316
1.69276
1.65248
1.60839
1.56796
1.53716
1.51921
1.51521
1.52428
1.5428
1.56523
1.58619
1.60202
1.61127
1.6146
1.61434
1.61379
1.61559
1.62044
1.627
1.63317
1.63747
1.63988
1.64163
1.64404
1.64666
1.6468
1.64101
1.62752
1.60733
1.58338
1.55863
1.5346
1.5114
1.4888
1.46737
1.44883
1.43539
1.42859
1.4285
1.4338
1.44291
1.45476
1.46882
1.48473
1.50192
1.51958
1.53684
1.5528
1.56643
1.5766
1.5824
1.58378
1.58191
1.57877
1.57596
1.57364
1.57039
1.56415
1.55335
1.53779
1.51865
1.49812
1.47864
1.46266
1.45245
1.44971
1.45487
1.46679
1.48332
1.50231
1.52217
1.54178
1.56011
1.57595
1.58795
1.59492
1.59609
1.5915
1.58222
1.57036
1.55861
1.54962
1.54546
1.54739
1.55557
1.56897
1.58551
1.60253
1.61758
1.62906
1.63633
1.63929
1.63797
1.63231
1.6223
1.60842
1.59193
1.57497
1.56015
1.5499
1.54579
1.54821
1.55627
1.56759
1.57877
1.58643
1.58834
1.58359
1.57212
1.55426
1.53113
1.50614
1.48655
1.48212
1.49953
1.53708
1.58589
1.63557
1.67808
1.70839
1.72391
1.72408
1.71039
1.68655
1.65805
1.63057
1.60778
1.59036
1.57706
1.56639
1.55776
1.55166
1.54906
1.55081
1.55716
1.56775
1.58181
1.59841
1.61645
1.63469
1.65165
1.66567
1.67515
1.67891
1.67638
1.66776
1.65391
1.63641
1.6178
1.6015
1.59092
1.58779
1.59122
1.59839
1.60604
1.61138
1.6124
1.60798
1.59801
1.5835
1.56651
1.54987
1.5364
1.52827
1.52609
1.52859
1.53303
1.53622
1.53564
1.52997
1.51923
1.50471
1.48881
1.4745
1.46432
1.45956
1.46012
1.46498
1.47305
1.48361
1.49652
1.51196
1.52998
1.55017
1.57159
1.59305
1.61342
1.63183
1.64774
1.66084
1.67089
1.67745
1.67981
1.67708
1.66854
1.65399
1.63398
1.60981
1.58314
1.55556
1.52839
1.50283
1.48041
1.46315
1.45339
1.453
1.46232
1.47934
1.50021
1.52067
1.53749
1.54912
1.55543
1.55727
1.55604
1.55333
1.55042
1.548
1.54608
1.54431
1.54242
1.54057
1.53913
1.5382
1.5371
1.53459
1.5295
1.52122
1.5099
1.49633
1.48198
1.46891
1.45949
1.4556
1.45809
1.46683
1.48127
1.50068
1.52344
1.54647
1.5662
1.58027
1.5882
1.59101
1.59054
1.58896
1.58864
1.59177
1.59957
1.61173
1.62641
1.6411
1.65363
1.66281
1.66834
1.67067
1.6707
1.66973
1.66933
1.6709
1.67534
1.68266
1.69192
1.70158
1.7098
1.71508
1.71666
1.71463
1.70963
1.70252
1.69418
1.68545
1.67716
1.67015
1.66524
1.66292
1.66314
1.6651
1.66741
1.66843
1.66678
1.66178
1.65355
1.64297
1.63135
1.61993
1.60948
1.60034
1.59264
1.58659
1.58253
1.58073
1.58116
1.58353
1.58731
1.5919
1.59646
1.59982
1.60055
1.59715
1.58856
1.57428
1.55461
1.53048
1.50345
1.4755
1.44899
1.42623
1.40889
1.39767
1.39231
1.39212
1.39653
1.40542
1.41903
1.43751
1.46032
1.48572
1.51091
1.53291
1.54964
1.56052
1.56641
1.56889
1.56946
1.56905
1.56809
1.56668
1.56499
1.56357
1.56321
1.5648
1.56912
1.57666
1.58747
1.60113
1.61699
1.6343
1.65215
1.6694
1.6846
1.69616
1.7026
1.70284
1.69637
1.6834
1.66519
1.64446
1.62536
1.61238
1.60829
1.61254
1.6215
1.63046
1.63592
1.63647
1.63244
1.62496
1.61519
1.60406
1.59262
1.58265
1.57682
1.57725
1.58331
1.59151
1.59785
1.59986
1.59674
1.58849
1.57519
1.55713
1.53519
1.51118
1.48789
1.46866
1.45648
1.45301
1.45781
1.46848
1.48149
1.49315
1.50057
1.50222
1.49821
1.49014
1.48058
1.47219
1.46686
1.4652
1.46642
1.46901
1.47146
1.47266
1.47219
1.47028
1.46778
1.46618
1.46731
1.47274
1.48305
1.49741
1.51399
1.53081
1.54664
1.56149
1.57623
1.59189
1.60888
1.62666
1.64398
1.65933
1.67134
1.67886
1.68103
1.67737
1.66802
1.65413
1.63799
1.62269
1.61106
1.60452
1.60274
1.60421
1.60718
1.61018
1.61211
1.61239
1.61107
1.60891
1.60689
1.60543
1.60395
1.6013
1.59651
1.58928
1.57996
1.56908
1.55711
1.54438
1.53136
1.51878
1.50755
1.49852
1.49233
1.48931
1.4896
1.49331
1.50062
1.51181
1.527
1.54572
1.56666
1.58791
1.6074
1.62346
1.63499
1.64124
1.64163
1.63576
1.62367
1.60612
1.58461
1.56131
1.53862
1.51871
1.50308
1.49244
1.48671
1.48526
1.48718
1.49116
1.49526
1.49712
1.49461
1.48694
1.47546
1.46342
1.45462
1.4512
1.45257
1.45622
1.45949
1.46067
1.45903
1.45459
1.44796
1.44034
1.4334
1.42881
1.42767
1.43019
1.43594
1.44431
1.45488
1.46751
1.48215
1.49836
1.5151
1.53095
1.54465
1.55559
1.56405
1.57085
1.57676
1.58203
1.5864
1.58928
1.59008
1.58832
1.58355
1.57552
1.56461
1.5523
1.54088
1.53245
1.52768
1.52556
1.52432
1.52246
1.51922
1.51452
1.50873
1.5024
1.49593
1.48943
1.48295
1.47692
1.47224
1.47002
1.47102
1.4753
1.48234
1.4915
1.50222
1.51416
1.52691
1.5398
1.5518
1.56165
1.56791
1.56907
1.56386
1.55173
1.53333
1.51065
1.48674
1.46479
1.44729
1.43571
1.431
1.43481
1.45022
1.4804
1.52542
1.58041
1.63731
1.68851
1.72922
1.75763
1.77402
1.77974
1.77667
1.76677
1.75185
1.73344
1.71269
1.69045
1.66733
1.644
1.62134
1.60072
1.58369
1.57151
1.56456
1.56225
1.56332
1.56651
1.57106
1.57679
1.58377
1.592
1.60106
1.60993
1.61697
1.62025
1.61794
1.6087
1.59202
1.56839
1.53933
1.50725
1.47526
1.44666
1.42442
1.41055
1.40605
1.41091
1.42428
1.44466
1.46991
1.49727
1.52359
1.5459
1.56203
1.57116
1.57405
1.57273
1.56985
1.56775
1.56784
1.57055
1.57541
1.58102
1.58512
1.58525
1.57985
1.56929
1.55639
1.54542
1.54033
1.54287
1.55225
1.56614
1.58189
1.59723
1.61044
1.62051
1.62711
1.63058
1.63168
1.63121
1.62977
1.62749
1.62396
1.61826
1.6092
1.59544
1.57586
1.55006
1.51885
1.48446
1.45051
1.42138
1.40094
1.39113
1.39131
1.3988
1.41035
1.42313
1.435
1.44436
1.45002
1.45136
1.44854
1.44237
1.43416
1.42565
1.419
1.41655
1.42014
1.43047
1.44688
1.46761
1.49038
1.51288
1.53295
1.54872
1.55903
1.56394
1.5648
1.56394
1.56372
1.56577
1.57038
1.57667
1.58279
1.58652
1.58572
1.57871
1.56464
1.54372
1.51758
1.48945
1.46392
1.44604
1.43976
1.44635
1.4636
1.48638
1.50838
1.52444
1.53237
1.53368
1.53255
1.53345
1.53871
1.54773
1.55834
1.56867
1.57809
1.5871
1.59651
1.60697
1.61859
1.63098
1.64362
1.65614
1.66852
1.68083
1.69283
1.70368
1.7119
1.71605
1.7155
1.71098
1.70385
1.69467
1.68269
1.66691
1.64757
1.62658
1.60684
1.59107
1.58085
1.57631
1.57632
1.57917
1.58305
1.58643
1.5881
1.58718
1.58319
1.57618
1.56666
1.55551
1.54396
1.53381
1.52725
1.52608
1.53069
1.53971
1.55082
1.56192
1.57186
1.58029
1.58702
1.59149
1.59275
1.58984
1.5825
1.57172
1.55951
1.54808
1.53865
1.53108
1.52438
1.51762
1.51048
1.50325
1.49645
1.49049
1.48536
1.48086
1.47703
1.47473
1.47559
1.48054
1.48137
1.66088
1.67393
1.68474
1.6888
1.6831
1.66764
1.64552
1.62185
1.60184
1.58913
1.5851
1.58932
1.60007
1.61503
1.63178
1.64837
1.66352
1.67658
1.687
1.69405
1.6966
1.6934
1.6833
1.66596
1.64248
1.61579
1.59028
1.57032
1.55843
1.55463
1.55724
1.56438
1.57451
1.5863
1.59884
1.61239
1.6282
1.64732
1.66935
1.69261
1.71503
1.73481
1.75053
1.76107
1.76569
1.76416
1.75695
1.74501
1.72945
1.71094
1.68925
1.66326
1.6319
1.5965
1.56327
1.54343
1.54679
1.57252
1.60913
1.64423
1.67092
1.68718
1.69317
1.68962
1.67732
1.65729
1.63087
1.60003
1.56746
1.53647
1.5106
1.49323
1.48721
1.49429
1.5143
1.54428
1.5783
1.60886
1.62913
1.63518
1.62736
1.61024
1.59089
1.57577
1.56863
1.57044
1.58023
1.59542
1.61222
1.62678
1.63702
1.64343
1.6474
1.64945
1.64908
1.64588
1.63993
1.63184
1.62277
1.61456
1.60941
1.60939
1.61572
1.62811
1.64463
1.66215
1.67693
1.68545
1.68506
1.67469
1.65549
1.63092
1.60618
1.58703
1.578
1.58065
1.59316
1.61176
1.63318
1.65603
1.67964
1.70237
1.72181
1.73667
1.74761
1.75606
1.7623
1.76493
1.76168
1.75114
1.73389
1.71237
1.68975
1.66849
1.64995
1.63511
1.62529
1.62223
1.62729
1.64031
1.65924
1.68068
1.70117
1.71836
1.73151
1.74102
1.74767
1.75188
1.75344
1.75174
1.74621
1.73693
1.72485
1.71179
1.69988
1.69103
1.68646
1.68641
1.69003
1.69541
1.70012
1.70196
1.69968
1.69312
1.68295
1.67026
1.65633
1.64264
1.63111
1.62393
1.623
1.62914
1.64194
1.66005
1.68154
1.70419
1.72591
1.74475
1.75896
1.7671
1.76814
1.76163
1.74794
1.72853
1.70613
1.68451
1.66736
1.65695
1.6533
1.65446
1.65749
1.65975
1.65988
1.65862
1.65867
1.66291
1.67141
1.68046
1.68488
1.68148
1.67079
1.65674
1.64488
1.64008
1.64456
1.6571
1.67387
1.68984
1.70036
1.70242
1.69543
1.68152
1.66542
1.65302
1.64919
1.656
1.67244
1.69546
1.7213
1.74631
1.76747
1.78256
1.79028
1.79015
1.78262
1.76903
1.75148
1.73232
1.71342
1.69553
1.67814
1.65975
1.63826
1.61139
1.57732
1.536
1.49083
1.44932
1.42065
1.41032
1.41668
1.4331
1.45303
1.4732
1.49362
1.51543
1.53851
1.56126
1.58215
1.6007
1.61703
1.63132
1.64352
1.6535
1.6613
1.66726
1.67214
1.67677
1.68159
1.68633
1.68989
1.69088
1.68835
1.68226
1.67343
1.66291
1.65131
1.63858
1.62449
1.60937
1.59448
1.58181
1.5732
1.56939
1.56936
1.57076
1.57126
1.56983
1.56683
1.5629
1.55774
1.54971
1.53692
1.51836
1.49458
1.46787
1.44209
1.42216
1.41308
1.41841
1.43885
1.47198
1.5131
1.55657
1.59722
1.63139
1.65713
1.67356
1.68011
1.67621
1.66161
1.63729
1.60589
1.5716
1.53938
1.51364
1.49702
1.48978
1.49032
1.49637
1.50577
1.5166
1.52693
1.53486
1.53922
1.54074
1.54253
1.54914
1.56425
1.58857
1.61951
1.65249
1.6827
1.70633
1.72126
1.72725
1.72627
1.7226
1.72154
1.72612
1.73455
1.74202
1.74471
1.74178
1.73487
1.72682
1.72055
1.71825
1.72079
1.72734
1.73559
1.74264
1.74588
1.7436
1.73512
1.72072
1.7016
1.67977
1.65792
1.63894
1.62529
1.61836
1.61822
1.62372
1.63274
1.64273
1.65148
1.65756
1.66044
1.66024
1.65739
1.65267
1.64727
1.64252
1.6391
1.63621
1.63175
1.62345
1.61012
1.5925
1.57339
1.55708
1.54819
1.55004
1.56373
1.58764
1.61792
1.64958
1.67811
1.70067
1.71629
1.7256
1.73019
1.73223
1.73401
1.73752
1.74388
1.75281
1.76276
1.77144
1.77674
1.77732
1.77284
1.76368
1.75068
1.73472
1.71683
1.69819
1.6802
1.66407
1.65058
1.63991
1.63189
1.62657
1.62448
1.62665
1.63424
1.64806
1.6681
1.69332
1.72186
1.75134
1.77929
1.80321
1.82065
1.82943
1.82808
1.81648
1.79628
1.77073
1.74391
1.71949
1.69994
1.68599
1.67662
1.66934
1.6608
1.64798
1.62925
1.6053
1.57891
1.55415
1.53511
1.52477
1.52418
1.53218
1.54583
1.56139
1.57551
1.58616
1.59289
1.59629
1.59732
1.59691
1.59603
1.59592
1.59784
1.60242
1.60925
1.61712
1.62471
1.63112
1.63616
1.64027
1.64432
1.64898
1.654
1.65811
1.65972
1.65788
1.65303
1.64691
1.6422
1.64186
1.64828
1.66249
1.68364
1.70885
1.73392
1.75449
1.7675
1.77199
1.76943
1.76317
1.75742
1.75559
1.75902
1.76644
1.77472
1.78038
1.78141
1.77803
1.77188
1.76466
1.75753
1.7512
1.74585
1.74135
1.73771
1.73532
1.73433
1.7342
1.73386
1.73197
1.72738
1.71923
1.70714
1.69159
1.6741
1.65723
1.64406
1.63746
1.6393
1.64991
1.66781
1.68999
1.71294
1.73371
1.75025
1.76128
1.76625
1.765
1.75751
1.74374
1.72404
1.6997
1.67307
1.64716
1.62496
1.60857
1.59878
1.595
1.59576
1.59939
1.60456
1.6103
1.61575
1.61985
1.62134
1.61892
1.61171
1.59961
1.58371
1.56651
1.55163
1.54291
1.54282
1.55137
1.56625
1.58404
1.60173
1.61781
1.63255
1.64769
1.66517
1.68563
1.70757
1.7279
1.74304
1.74992
1.74676
1.73347
1.71213
1.6867
1.66193
1.64166
1.62806
1.6218
1.62256
1.6292
1.63997
1.65283
1.66575
1.67689
1.6848
1.68858
1.68827
1.68516
1.68182
1.68158
1.68725
1.69995
1.71849
1.73972
1.75962
1.77464
1.78268
1.78341
1.77805
1.76881
1.75836
1.74938
1.74405
1.74352
1.7476
1.75478
1.76268
1.7688
1.77114
1.76835
1.75956
1.74436
1.72342
1.69929
1.67624
1.65865
1.64894
1.6467
1.64963
1.65454
1.65808
1.65734
1.65073
1.63873
1.62439
1.61272
1.60877
1.61481
1.62884
1.64564
1.65952
1.66668
1.66595
1.65798
1.64403
1.62548
1.60407
1.58227
1.56303
1.54921
1.54289
1.54508
1.55602
1.57568
1.60368
1.63856
1.67707
1.71445
1.74537
1.76515
1.77124
1.76392
1.74587
1.72076
1.69183
1.66156
1.63187
1.6044
1.5801
1.55912
1.54126
1.52692
1.51772
1.51593
1.52325
1.53963
1.56264
1.58751
1.60851
1.62147
1.62587
1.62477
1.62233
1.62123
1.62202
1.62415
1.62676
1.62895
1.62999
1.62947
1.62761
1.6252
1.62355
1.62409
1.62788
1.63518
1.64527
1.65672
1.66786
1.67703
1.68273
1.68351
1.6779
1.66429
1.64111
1.60743
1.56383
1.51361
1.4636
1.42357
1.40339
1.40874
1.43811
1.48393
1.53644
1.58722
1.63055
1.66353
1.68584
1.69924
1.70653
1.71034
1.7123
1.7129
1.71177
1.70825
1.70185
1.69259
1.68102
1.66801
1.65454
1.64152
1.62968
1.61956
1.61138
1.60499
1.59993
1.59563
1.59177
1.58856
1.58682
1.58772
1.59239
1.6013
1.61406
1.62964
1.64692
1.66513
1.68397
1.70339
1.72326
1.74289
1.76088
1.77526
1.78407
1.78591
1.78028
1.76733
1.74774
1.72276
1.69442
1.66578
1.64063
1.62268
1.61463
1.61756
1.63082
1.65227
1.67861
1.70597
1.73054
1.74911
1.75972
1.7622
1.75835
1.75135
1.7444
1.73925
1.73605
1.73422
1.73306
1.73169
1.72926
1.72541
1.72062
1.71586
1.71182
1.70838
1.70445
1.69846
1.68893
1.6752
1.65837
1.64181
1.6305
1.62902
1.6392
1.65917
1.6846
1.71087
1.73458
1.75412
1.7691
1.77958
1.78528
1.78524
1.77815
1.76311
1.74049
1.71234
1.68197
1.65289
1.6279
1.60883
1.59675
1.59211
1.59456
1.60306
1.61601
1.63128
1.6461
1.65719
1.6613
1.65671
1.64549
1.63429
1.63025
1.63558
1.64808
1.66534
1.68439
1.70032
1.70829
1.70623
1.69546
1.68015
1.66613
1.65929
1.66382
1.68062
1.70696
1.73725
1.76497
1.78446
1.79198
1.78579
1.76581
1.73318
1.69018
1.64054
1.58993
1.5457
1.51504
1.50238
1.50864
1.53191
1.56777
1.60975
1.65101
1.68593
1.71104
1.72482
1.72738
1.72009
1.70538
1.68632
1.66582
1.64611
1.62878
1.61516
1.60649
1.60345
1.60574
1.61203
1.62065
1.63023
1.64012
1.65033
1.66131
1.67369
1.68802
1.70433
1.72185
1.73891
1.75331
1.76295
1.76633
1.76314
1.75436
1.74189
1.7277
1.71302
1.69805
1.68253
1.66664
1.65136
1.63809
1.62804
1.6217
1.61852
1.61698
1.61504
1.61093
1.60385
1.59426
1.58377
1.57451
1.56839
1.56646
1.56871
1.57404
1.58029
1.58471
1.58477
1.57899
1.56763
1.55318
1.54026
1.53463
1.54099
1.56042
1.58946
1.62198
1.65232
1.67735
1.6964
1.71009
1.71898
1.72305
1.72179
1.71442
1.70045
1.68008
1.65489
1.62797
1.60349
1.58535
1.57588
1.57527
1.58215
1.59435
1.60964
1.62582
1.64091
1.65302
1.66051
1.66208
1.65713
1.64598
1.6302
1.61268
1.59712
1.58734
1.5863
1.59546
1.61455
1.64169
1.67382
1.7072
1.73788
1.76209
1.7766
1.77905
1.76834
1.74491
1.71085
1.66966
1.62566
1.58312
1.54521
1.51345
1.48798
1.46867
1.45618
1.45183
1.45641
1.46906
1.48714
1.50678
1.52379
1.5346
1.53727
1.53218
1.52227
1.51213
1.50648
1.50832
1.51797
1.53338
1.55126
1.56869
1.58409
1.59729
1.60876
1.61877
1.62709
1.63328
1.6372
1.63918
1.63988
1.63987
1.63923
1.63747
1.63384
1.62746
1.6172
1.6019
1.58121
1.55641
1.53065
1.50799
1.49231
1.48675
1.49343
1.51253
1.54142
1.57509
1.6081
1.63631
1.65799
1.67395
1.68652
1.6975
1.70674
1.71273
1.71441
1.71224
1.70793
1.70358
1.70107
1.70091
1.65041
1.65355
1.65841
1.66373
1.66852
1.67237
1.67523
1.67733
1.67897
1.6804
1.68176
1.68285
1.68317
1.68217
1.67939
1.67464
1.6682
1.66045
1.65108
1.63896
1.62266
1.6015
1.57636
1.55001
1.52675
1.51115
1.50607
1.51127
1.52358
1.53867
1.55319
1.56566
1.57603
1.58445
1.59064
1.59393
1.59363
1.58909
1.57978
1.56557
1.54743
1.52777
1.51023
1.49884
1.49678
1.50556
1.52449
1.55118
1.58241
1.61504
1.64654
1.67532
1.70079
1.72268
1.74003
1.75102
1.75363
1.74678
1.73086
1.70793
1.68147
1.65587
1.63486
1.62014
1.61133
1.60726
1.60697
1.61014
1.61736
1.62974
1.64757
1.66934
1.69211
1.71283
1.72948
1.74169
1.75042
1.75738
1.76396
1.77048
1.77615
1.77991
1.78132
1.78089
1.77956
1.77803
1.77613
1.77273
1.76611
1.75437
1.73594
1.71026
1.67924
1.64874
1.62748
1.62139
1.62832
1.64039
1.65069
1.65608
1.65619
1.65169
1.64376
1.6339
1.62364
1.61407
1.60544
1.59735
1.58927
1.58124
1.57414
1.56966
1.56973
1.57545
1.58639
1.60052
1.61512
1.6277
1.6365
1.64045
1.63924
1.63327
1.62358
1.61153
1.59847
1.58576
1.57488
1.56742
1.56468
1.56748
1.57621
1.5912
1.61275
1.64043
1.67213
1.70399
1.73147
1.75076
1.75948
1.75683
1.74337
1.7208
1.69177
1.65958
1.62791
1.60062
1.58169
1.57479
1.58206
1.60237
1.63111
1.66202
1.68996
1.71234
1.72868
1.73938
1.74475
1.74484
1.74002
1.73157
1.72145
1.71146
1.70255
1.69513
1.68956
1.68614
1.68468
1.68417
1.68327
1.681
1.67729
1.67251
1.66648
1.6578
1.64432
1.62456
1.59896
1.57041
1.54411
1.52611
1.52095
1.52921
1.54738
1.56971
1.59099
1.60789
1.61899
1.62414
1.62393
1.61949
1.61239
1.60438
1.59703
1.59143
1.58821
1.58771
1.58999
1.59505
1.60275
1.61302
1.62559
1.63967
1.65382
1.66605
1.67426
1.67683
1.6732
1.66421
1.65221
1.64042
1.63154
1.62641
1.62379
1.62204
1.62076
1.62089
1.62361
1.6296
1.63911
1.65178
1.66596
1.67872
1.6868
1.6876
1.6801
1.6652
1.64584
1.62643
1.61122
1.60222
1.59819
1.59564
1.59093
1.58207
1.56968
1.55726
1.55041
1.55491
1.57376
1.60472
1.64088
1.67397
1.69804
1.71081
1.71306
1.70711
1.69557
1.68091
1.66532
1.65062
1.63801
1.62799
1.6208
1.6168
1.61651
1.62012
1.62714
1.63613
1.64503
1.65169
1.65443
1.65234
1.64564
1.63547
1.6239
1.61352
1.60702
1.60618
1.61118
1.62071
1.63279
1.64551
1.65743
1.66758
1.67599
1.68431
1.69574
1.71319
1.73686
1.76405
1.79094
1.81452
1.83305
1.84596
1.85361
1.85688
1.85661
1.85334
1.8473
1.83878
1.82832
1.81666
1.80474
1.79347
1.78366
1.77572
1.76947
1.76433
1.75942
1.75381
1.74674
1.73808
1.72883
1.72088
1.71638
1.71662
1.72129
1.72868
1.73641
1.74239
1.74527
1.74448
1.74003
1.7322
1.72127
1.70754
1.69139
1.6733
1.6539
1.63392
1.6141
1.59524
1.5782
1.56384
1.55284
1.54524
1.54016
1.53568
1.52914
1.51781
1.5001
1.47721
1.45434
1.43947
1.43898
1.45319
1.47661
1.50194
1.52369
1.53973
1.55176
1.56442
1.58218
1.60546
1.62966
1.64828
1.65662
1.65342
1.64053
1.62175
1.6015
1.58358
1.57049
1.56334
1.56227
1.56665
1.57494
1.58477
1.59354
1.59915
1.60047
1.59743
1.59106
1.58328
1.57669
1.57409
1.57791
1.58945
1.60777
1.62916
1.64784
1.65793
1.65537
1.63921
1.61212
1.57974
1.54851
1.52254
1.50218
1.48589
1.47361
1.46788
1.47139
1.48339
1.49946
1.5144
1.52546
1.53318
1.54033
1.5501
1.56467
1.58448
1.6082
1.63297
1.65515
1.67138
1.67941
1.67853
1.66932
1.65332
1.63252
1.6091
1.5852
1.56259
1.54245
1.5251
1.51006
1.49645
1.48362
1.47166
1.46162
1.45521
1.45409
1.45906
1.46966
1.4845
1.50206
1.5213
1.54179
1.56342
1.58605
1.60915
1.63186
1.6532
1.67229
1.6886
1.70188
1.71179
1.71765
1.71868
1.71455
1.70599
1.69466
1.68249
1.67093
1.66063
1.65174
1.64466
1.64004
1.63825
1.63869
1.63995
1.64126
1.6437
1.64935
1.65798
1.66555
1.66668
1.65781
1.63829
1.60963
1.57469
1.53718
1.5013
1.47132
1.45087
1.44209
1.44503
1.45781
1.47735
1.50029
1.52359
1.54492
1.56303
1.57784
1.59062
1.60376
1.61997
1.64113
1.66723
1.69619
1.72438
1.74759
1.76219
1.7661
1.7593
1.74388
1.72351
1.70214
1.68209
1.66304
1.64276
1.61941
1.59351
1.56814
1.54733
1.53388
1.52798
1.52755
1.52953
1.53144
1.53212
1.5319
1.53232
1.53567
1.54424
1.55913
1.57934
1.60183
1.62266
1.63827
1.64629
1.64595
1.63835
1.62616
1.61286
1.60121
1.59216
1.58489
1.57831
1.57281
1.57054
1.57357
1.58102
1.58834
1.5899
1.58288
1.56923
1.55549
1.54989
1.55803
1.57969
1.60954
1.64048
1.6666
1.68428
1.69193
1.68905
1.67609
1.65474
1.62833
1.60155
1.57934
1.56553
1.5617
1.56687
1.57819
1.59207
1.60498
1.61398
1.61705
1.61348
1.60433
1.59222
1.58061
1.57251
1.56926
1.57021
1.57346
1.57712
1.58001
1.58177
1.5827
1.58358
1.58542
1.58914
1.5954
1.60459
1.61678
1.63151
1.64775
1.66404
1.67871
1.69006
1.69669
1.69795
1.69449
1.68813
1.681
1.67433
1.66815
1.66208
1.65641
1.65217
1.65013
1.64973
1.64872
1.64379
1.63187
1.61142
1.58311
1.54987
1.51626
1.48767
1.46938
1.46521
1.47605
1.49931
1.52957
1.56043
1.58621
1.60301
1.60947
1.6071
1.5996
1.59109
1.58414
1.5795
1.57748
1.57867
1.58344
1.59111
1.60011
1.60878
1.61584
1.62009
1.62026
1.61546
1.60638
1.59574
1.58724
1.58379
1.58664
1.59552
1.60896
1.62427
1.63801
1.64728
1.65066
1.64828
1.64129
1.63126
1.6199
1.6088
1.59918
1.59177
1.58693
1.58482
1.58556
1.58888
1.59415
1.60033
1.60638
1.61155
1.61561
1.61861
1.62051
1.62094
1.61942
1.61574
1.61025
1.60372
1.59683
1.58982
1.58242
1.57437
1.56612
1.55911
1.5555
1.5572
1.56496
1.57784
1.59355
1.60934
1.62285
1.6325
1.63738
1.63673
1.62962
1.61524
1.59388
1.56762
1.5405
1.51781
1.50481
1.50516
1.51926
1.54341
1.57107
1.59571
1.61316
1.62235
1.6244
1.6213
1.61494
1.60665
1.59717
1.58683
1.57596
1.56533
1.55618
1.55003
1.5483
1.55183
1.5605
1.57313
1.58793
1.60296
1.61671
1.62804
1.63609
1.64017
1.63985
1.63553
1.62879
1.62224
1.61851
1.61911
1.62402
1.63184
1.64058
1.64834
1.65381
1.65651
1.65673
1.65551
1.65457
1.65563
1.65967
1.66635
1.67434
1.68218
1.68903
1.69493
1.70042
1.70599
1.71162
1.71667
1.72009
1.72096
1.71891
1.71438
1.70876
1.70411
1.70268
1.70625
1.71537
1.72906
1.74502
1.76039
1.77221
1.77797
1.7758
1.76486
1.74549
1.71943
1.69023
1.66312
1.64335
1.63311
1.63025
1.63058
1.631
1.6301
1.62637
1.61772
1.60248
1.58068
1.55431
1.52685
1.5028
1.48705
1.48371
1.49465
1.51842
1.5502
1.58361
1.61305
1.63548
1.65066
1.65997
1.66479
1.66568
1.66257
1.65547
1.64523
1.63378
1.62382
1.61828
1.61949
1.62837
1.64383
1.66271
1.6806
1.6932
1.69769
1.69375
1.68335
1.66973
1.65585
1.64362
1.634
1.6274
1.62421
1.62492
1.63009
1.6402
1.65514
1.67356
1.69256
1.70861
1.71889
1.72201
1.71801
1.70773
1.69242
1.67364
1.65335
1.63411
1.61893
1.61064
1.61044
1.61664
1.62455
1.62807
1.62218
1.60465
1.57686
1.54382
1.51295
1.49161
1.4841
1.49022
1.50644
1.52852
1.5532
1.57861
1.60376
1.6279
1.65015
1.66918
1.68309
1.68972
1.68717
1.67455
1.65242
1.62299
1.58985
1.55733
1.52976
1.51013
1.49927
1.4958
1.4972
1.50119
1.50654
1.51312
1.52147
1.532
1.54418
1.55616
1.56493
1.56722
1.56077
1.54524
1.52251
1.49625
1.47107
1.45165
1.44179
1.44335
1.45555
1.47525
1.49837
1.52129
1.54161
1.55825
1.57164
1.5834
1.59485
1.60488
1.60985
1.60602
1.59211
1.56993
1.54339
1.51735
1.49661
1.48546
1.48686
1.50158
1.52764
1.56094
1.59655
1.6302
1.65925
1.68304
1.70244
1.71896
1.7339
1.74782
1.76045
1.77101
1.77853
1.78214
1.78119
1.77528
1.76443
1.74922
1.731
1.71181
1.69408
1.67989
1.67032
1.665
1.66229
1.65997
1.65599
1.64907
1.63892
1.62618
1.61209
1.59816
1.58586
1.57656
1.57161
1.57229
1.57924
1.59173
1.60736
1.62262
1.63421
1.64073
1.64357
1.64622
1.6517
1.65987
1.66727
1.67001
1.66678
1.65957
1.65233
1.64876
1.65052
1.65659
1.66434
1.67095
1.67441
1.67374
1.6687
1.65955
1.64691
1.63176
1.61527
1.59868
1.5832
1.56983
1.55911
1.55111
1.5455
1.54207
1.54115
1.54338
1.54878
1.55598
1.56263
1.56694
1.56871
1.56906
1.56969
1.5722
1.57772
1.58684
1.59937
1.61426
1.62979
1.64429
1.65662
1.66637
1.6737
1.67898
1.68242
1.68394
1.68329
1.68035
1.67533
1.66886
1.66174
1.65469
1.64799
1.64093
1.63207
1.62023
1.60571
1.59086
1.57968
1.57636
1.58384
1.60267
1.63079
1.66424
1.69846
1.72935
1.75391
1.77036
1.77818
1.77814
1.77213
1.76271
1.75218
1.74194
1.73253
1.72372
1.71478
1.70452
1.69158
1.67505
1.65506
1.63316
1.61431
1.6124
1.63534
1.62827
1.63165
1.64527
1.66679
1.69256
1.71846
1.74041
1.75496
1.75984
1.75447
1.73994
1.71858
1.69337
1.66701
1.64139
1.61731
1.59493
1.57432
1.5558
1.53969
1.52628
1.51637
1.51194
1.51613
1.53164
1.55848
1.59312
1.62969
1.6623
1.68678
1.70152
1.70729
1.70615
1.69977
1.68877
1.67338
1.65431
1.63307
1.61196
1.59426
1.58447
1.58636
1.59989
1.6201
1.64008
1.65482
1.66267
1.66452
1.6624
1.65839
1.65443
1.65225
1.65313
1.6576
1.66518
1.67474
1.68506
1.69518
1.70444
1.71232
1.71837
1.72238
1.72445
1.7247
1.72294
1.71847
1.71042
1.69845
1.68326
1.66681
1.6515
1.63941
1.63155
1.62793
1.62785
1.63026
1.63444
1.64045
1.64896
1.66033
1.67354
1.68606
1.69484
1.6976
1.69394
1.68562
1.67584
1.66763
1.66235
1.65936
1.65717
1.65479
1.65224
1.65005
1.64873
1.64872
1.65034
1.65378
1.65895
1.66549
1.6731
1.68185
1.6922
1.70465
1.71904
1.73416
1.74804
1.75859
1.76428
1.76443
1.75918
1.74938
1.73641
1.72207
1.70817
1.69624
1.68722
1.68141
1.67858
1.67808
1.67905
1.68048
1.68171
1.68291
1.68478
1.68716
1.68776
1.68326
1.67282
1.66129
1.658
1.66846
1.6872
1.7025
1.70628
1.69753
1.6803
1.66054
1.64383
1.63363
1.63064
1.63321
1.6384
1.64324
1.64578
1.64564
1.64378
1.64182
1.64125
1.64289
1.64702
1.65375
1.66332
1.67554
1.68906
1.70114
1.70872
1.70984
1.70467
1.6955
1.68606
1.68037
1.68129
1.68953
1.70325
1.71877
1.73169
1.73829
1.73641
1.72593
1.70872
1.68828
1.66899
1.65474
1.64749
1.64671
1.64987
1.65368
1.65525
1.65265
1.64506
1.63265
1.61646
1.59834
1.58081
1.56665
1.55833
1.55759
1.56526
1.58112
1.60419
1.63317
1.66684
1.70378
1.74197
1.77875
1.81131
1.83738
1.85555
1.86519
1.86628
1.85906
1.84392
1.82129
1.792
1.75755
1.72012
1.68231
1.64672
1.61564
1.59089
1.57361
1.56426
1.56262
1.56802
1.57944
1.59553
1.61482
1.63593
1.65749
1.67807
1.69595
1.70891
1.71446
1.71092
1.69939
1.6857
1.67847
1.68248
1.69451
1.7075
1.71663
1.72069
1.72036
1.71674
1.71094
1.70405
1.69721
1.69148
1.68778
1.68697
1.68977
1.69682
1.70872
1.72568
1.74689
1.77
1.79164
1.80866
1.81937
1.82391
1.82375
1.82072
1.81601
1.80963
1.80061
1.78784
1.77108
1.75161
1.732
1.71496
1.7019
1.69241
1.68489
1.67795
1.6712
1.66509
1.66008
1.656
1.65206
1.64746
1.642
1.63634
1.63163
1.62876
1.62765
1.62763
1.62874
1.63272
1.64204
1.65776
1.67812
1.69934
1.71791
1.73225
1.74254
1.74971
1.75447
1.75741
1.75946
1.76223
1.76721
1.77457
1.7825
1.78814
1.78912
1.78446
1.77478
1.76202
1.74912
1.73963
1.73683
1.74189
1.75261
1.76397
1.77057
1.76899
1.75903
1.74338
1.72628
1.7118
1.70233
1.6982
1.69844
1.70175
1.7071
1.71367
1.72023
1.72482
1.72517
1.7193
1.70636
1.68713
1.66375
1.63872
1.61396
1.59079
1.5706
1.55511
1.54571
1.54277
1.54548
1.55238
1.56201
1.57333
1.58583
1.5993
1.61317
1.62637
1.63797
1.64802
1.65752
1.66762
1.6788
1.69085
1.70342
1.71636
1.72944
1.74124
1.74845
1.74666
1.73249
1.70545
1.66859
1.62764
1.58904
1.55808
1.53784
1.52941
1.53256
1.54615
1.56823
1.59599
1.62603
1.65505
1.68058
1.70157
1.71849
1.73287
1.74634
1.75989
1.77355
1.78653
1.79753
1.80503
1.80754
1.80383
1.7932
1.77518
1.74961
1.7176
1.68323
1.65361
1.63612
1.63474
1.64817
1.67043
1.69313
1.70851
1.71177
1.70196
1.6814
1.65468
1.62754
1.6057
1.59323
1.59093
1.59581
1.6028
1.60738
1.60752
1.60357
1.59703
1.58942
1.58178
1.57482
1.56918
1.56558
1.56456
1.56611
1.56944
1.57335
1.5771
1.58125
1.58778
1.59902
1.61607
1.63785
1.66138
1.68277
1.69843
1.7057
1.70297
1.68948
1.66512
1.63056
1.58773
1.54085
1.49704
1.46535
1.45334
1.46337
1.49196
1.53272
1.57924
1.62644
1.67055
1.70881
1.73929
1.76089
1.77335
1.77727
1.77401
1.76548
1.75373
1.74074
1.72802
1.71696
1.70876
1.70438
1.70409
1.70714
1.71162
1.71505
1.71511
1.71043
1.70102
1.68844
1.67546
1.66535
1.66063
1.6619
1.66748
1.67407
1.67806
1.677
1.67044
1.65998
1.64858
1.63962
1.63595
1.63875
1.64669
1.6561
1.66285
1.66421
1.6601
1.65288
1.64659
1.64553
1.65259
1.66759
1.68717
1.70667
1.72263
1.73404
1.74188
1.74775
1.7524
1.75553
1.75651
1.75516
1.75175
1.74672
1.74061
1.73414
1.72831
1.72421
1.7226
1.72362
1.72687
1.73172
1.73774
1.74467
1.75184
1.75769
1.75973
1.75522
1.74236
1.72113
1.69349
1.66308
1.6342
1.61058
1.59428
1.58547
1.58294
1.58506
1.59066
1.59928
1.61075
1.62488
1.64112
1.65873
1.67673
1.69394
1.70891
1.72004
1.72617
1.72701
1.72304
1.71469
1.70197
1.68512
1.66565
1.64586
1.6273
1.60997
1.59326
1.57766
1.56539
1.55951
1.56218
1.57338
1.59083
1.611
1.63029
1.64588
1.656
1.65984
1.65734
1.64893
1.63533
1.61761
1.5972
1.57597
1.55599
1.53907
1.52654
1.51918
1.51741
1.52139
1.53122
1.54677
1.56752
1.59233
1.61929
1.64595
1.66994
1.69008
1.70689
1.72185
1.7357
1.74774
1.75638
1.76018
1.75837
1.75109
1.73936
1.72517
1.71124
1.70042
1.69445
1.69289
1.69316
1.69187
1.68637
1.67543
1.65912
1.63868
1.61648
1.59565
1.57917
1.56877
1.56446
1.56476
1.56742
1.57009
1.57117
1.57027
1.56841
1.56771
1.57078
1.5798
1.59556
1.61693
1.64114
1.66473
1.68444
1.69776
1.70281
1.69838
1.68402
1.66039
1.62966
1.59566
1.56349
1.539
1.52803
1.5347
1.55903
1.5962
1.63887
1.68045
1.71672
1.74583
1.7675
1.78213
1.7903
1.79231
1.78809
1.7771
1.75863
1.73227
1.69854
1.65936
1.61822
1.57973
1.54864
1.52886
1.52271
1.53008
1.54789
1.57072
1.59248
1.60813
1.61442
1.61006
1.59573
1.57389
1.54819
1.52278
1.50191
1.48932
1.48723
1.49513
1.50995
1.52724
1.54251
1.55206
1.5536
1.54682
1.53373
1.51865
1.50714
1.50406
1.51175
1.52924
1.55291
1.57798
1.60044
1.61817
1.63102
1.64012
1.6468
1.65193
1.65572
1.65781
1.6576
1.65477
1.64958
1.64301
1.63656
1.63179
1.62997
1.63168
1.63657
1.64314
1.64887
1.6505
1.64497
1.63093
1.6103
1.58822
1.57048
1.56078
1.56028
1.56855
1.58403
1.60446
1.62789
1.6529
1.67819
1.70221
1.72318
1.73955
1.75059
1.75667
1.75923
1.76017
1.76102
1.76229
1.76321
1.76213
1.75721
1.74719
1.73197
1.71277
1.69189
1.67217
1.65634
1.64651
1.64393
1.64874
1.65976
1.67423
1.68847
1.69895
1.7035
1.70207
1.69677
1.69082
1.68734
1.68832
1.69441
1.70517
1.71955
1.73609
1.75291
1.76789
1.77897
1.78457
1.78395
1.77731
1.76583
1.7513
1.73552
1.71928
1.70187
1.68188
1.65905
1.63555
1.61565
1.60385
1.60283
1.61246
1.63015
1.6522
1.67495
1.69545
1.71164
1.72246
1.72795
1.72933
1.72851
1.72701
1.72485
1.72038
1.71124
1.69578
1.67407
1.6482
1.62172
1.59844
1.58118
1.57081
1.56628
1.56552
1.56661
1.56853
1.57113
1.57451
1.57858
1.58284
1.58673
1.58984
1.592
1.59325
1.59392
1.59484
1.5975
1.60381
1.61547
1.63315
1.65599
1.68162
1.70685
1.72873
1.74538
1.7561
1.76102
1.7605
1.75469
1.7435
1.72706
1.70621
1.68274
1.65903
1.63744
1.6197
1.60661
1.59792
1.59224
1.58735
1.58085
1.57133
1.5592
1.54697
1.53852
1.53751
1.5457
1.56247
1.58574
1.61316
1.64275
1.67307
1.70275
1.73014
1.75321
1.77014
1.77988
1.78243
1.7786
1.76977
1.75782
1.74522
1.73473
1.72849
1.72688
1.72799
1.72838
1.72475
1.71525
1.69995
1.68007
1.657
1.63166
1.60465
1.57674
1.54936
1.52451
1.5044
1.4905
1.48264
1.47857
1.47469
1.46778
1.4577
1.44963
1.45162
1.46735
1.49274
1.52108
1.54864
1.57478
1.59992
1.62458
1.64946
1.67534
1.70213
1.72825
1.75106
1.76786
1.77669
1.77675
1.76834
1.75248
1.73008
1.70124
1.66549
1.62291
1.57559
1.52857
1.48874
1.46246
1.45258
1.45704
1.47019
1.48571
1.49948
1.51091
1.52255
1.53819
1.55971
1.58546
1.61149
1.63409
1.6513
1.66299
1.67024
1.67462
1.67774
1.68083
1.68469
1.68975
1.69625
1.70437
1.71396
1.72417
1.7331
1.73839
1.73817
1.73203
1.72149
1.70939
1.69869
1.69072
1.68473
1.67891
1.67176
1.66301
1.65337
1.64415
1.63688
1.63342
1.63565
1.64484
1.66073
1.68115
1.7027
1.72195
1.73634
1.74449
1.7462
1.74211
1.73334
1.72133
1.70787
1.69522
1.68606
1.68269
1.68604
1.695
1.70683
1.71814
1.72575
1.72734
1.7219
1.70987
1.69308
1.67429
1.65667
1.64301
1.63527
1.63423
1.63923
1.64832
1.65864
1.66726
1.67204
1.67207
1.66748
1.65895
1.6474
1.63408
1.62091
1.61046
1.60506
1.60592
1.61285
1.6247
1.63987
1.65658
1.67291
1.68704
1.69767
1.70434
1.70744
1.708
1.7073
1.70652
1.70637
1.7069
1.70749
1.70717
1.70499
1.70019
1.69252
1.68222
1.67016
1.65738
1.64465
1.63205
1.61903
1.60514
1.59109
1.57969
1.57544
1.58111
1.58236
