           0           0           0
   0.0256496           0           0
   0.0512993           0           0
   0.0769489           0           0
    0.102599           0           0
    0.128248           0           0
    0.153898           0           0
    0.179547           0           0
    0.205197           0           0
    0.230847           0           0
    0.256496           0           0
    0.282146           0           0
    0.307796           0           0
    0.333445           0           0
    0.359095           0           0
    0.384745           0           0
    0.410394           0           0
    0.436044           0           0
    0.461694           0           0
    0.487343           0           0
    0.512993           0           0
    0.538642           0           0
    0.564292           0           0
    0.589942           0           0
    0.615591           0           0
    0.641241           0           0
    0.666891           0           0
     0.69254           0           0
     0.71819           0           0
     0.74384           0           0
    0.769489           0           0
    0.795139           0           0
    0.820788           0           0
    0.846438           0           0
    0.872088  0.00137558  0.00060794
    0.897737   0.0222592  0.00239524
    0.923387    0.179593  0.00957646
    0.949037    0.564298   0.0109479
    0.974686     1.20351   0.0199376
     1.00034     1.89219   0.0273461
     1.02599     2.35491   0.0264253
     1.05164     2.56298    0.032736
     1.07728     2.56327   0.0280698
     1.10293     2.40813   0.0234692
     1.12858     2.19672   0.0255211
     1.15423      1.9451   0.0223991
     1.17988     1.73341   0.0265526
     1.20553     1.54369   0.0178012
     1.23118     1.39238   0.0194433
     1.25683     1.23432   0.0178153
     1.28248     1.13558   0.0182836
     1.30813     1.02141   0.0140741
     1.33378    0.947508   0.0190783
     1.35943    0.848998   0.0120952
     1.38508    0.805413  0.00941571
     1.41073    0.779203    0.010464
     1.43638    0.741368   0.0120173
     1.46203    0.721683   0.0188645
     1.48768    0.675277   0.0111005
     1.51333    0.691434  0.00908478
     1.53898     0.65466   0.0100819
     1.56463    0.646474   0.0131831
     1.59028    0.664236  0.00981842
     1.61593     0.68184  0.00844417
     1.64158     0.69959   0.0103594
     1.66723    0.716658   0.0117867
     1.69288    0.764085   0.0126679
     1.71853    0.792261   0.0104872
     1.74418    0.817221    0.012074
     1.76983    0.862664   0.0144701
     1.79547    0.900123     0.01051
     1.82112    0.937449    0.011257
     1.84677    0.981026   0.0119708
     1.87242     1.02057   0.0109598
     1.89807     1.07135   0.0112156
     1.92372     1.11317   0.0116759
     1.94937     1.13386   0.0149856
     1.97502     1.18673   0.0111218
     2.00067     1.19727   0.0107044
     2.02632     1.18669   0.0112652
     2.05197     1.21756   0.0149336
     2.07762     1.21662   0.0111785
     2.10327     1.20152   0.0085924
     2.12892     1.19945   0.0103363
     2.15457     1.17801   0.0108624
     2.18022     1.15752   0.0128685
     2.20587     1.12299   0.0124229
     2.23152     1.08667   0.0127357
     2.25717     1.05887   0.0113176
     2.28282     1.02869  0.00969315
     2.30847    0.993847  0.00991168
     2.33412    0.985059   0.0101652
     2.35977     0.95742   0.0116842
     2.38542    0.947414   0.0107173
     2.41107    0.914341  0.00983567
     2.43672    0.901732  0.00698564
     2.46237    0.891639  0.00881703
     2.48802    0.883858  0.00765001
     2.51366     0.89782  0.00797561
     2.53931    0.883183    0.009459
