           0           0           0
    0.064633           0           0
    0.129266           0           0
    0.193899           0           0
    0.258532           0           0
    0.323165           0           0
    0.387798           0           0
    0.452431           0           0
    0.517064           0           0
    0.581697           0           0
     0.64633           0           0
    0.710963           0           0
    0.775596           0           0
     0.84023           0           0
    0.904863    0.134936   0.0234164
    0.969496     1.13096   0.0819036
     1.03413     2.09715    0.112815
     1.09876     2.25458    0.148778
     1.16339     2.11602    0.100226
     1.22803     1.87475    0.108007
     1.29266     1.63402   0.0874242
     1.35729     1.55075   0.0753708
     1.42193     1.28512   0.0554594
     1.48656     1.25023   0.0970169
     1.55119       1.199   0.0715012
     1.61583     1.12612   0.0668027
     1.68046     1.13165   0.0576797
     1.74509    0.996005   0.0529153
     1.80973     1.00542   0.0415413
     1.87436    0.973031   0.0485229
     1.93899     1.00544   0.0529423
     2.00362    0.985628   0.0323432
     2.06826    0.980371   0.0387404
     2.13289     0.98555    0.036657
     2.19752    0.946398   0.0298544
     2.26216    0.957061   0.0390886
     2.32679    0.936802   0.0413071
     2.39142    0.973434   0.0303775
     2.45606     0.97905   0.0352755
     2.52069    0.943471   0.0317613
     2.58532    0.920749   0.0257115
     2.64995    0.936235   0.0226162
     2.71459     0.98419   0.0327194
     2.77922     1.00684   0.0329896
     2.84385    0.981997   0.0250773
     2.90849    0.977587   0.0248148
     2.97312    0.962851   0.0279164
     3.03775    0.961248   0.0250946
     3.10239    0.931903   0.0194718
     3.16702    0.936686   0.0162234
     3.23165    0.909118   0.0270819
     3.29629    0.923873   0.0201462
     3.36092     0.93234   0.0177888
     3.42555    0.995099   0.0229593
     3.49018     1.00541   0.0230741
     3.55482     0.97815   0.0233406
     3.61945    0.954228   0.0254372
     3.68408    0.976033   0.0216422
     3.74872    0.999949   0.0281587
     3.81335    0.953948   0.0268968
     3.87798    0.920885   0.0233131
     3.94262     0.93476   0.0230028
     4.00725    0.948821   0.0255658
     4.07188    0.991588   0.0212359
     4.13651    0.967062   0.0278161
     4.20115    0.979308   0.0300007
     4.26578    0.965209   0.0228904
     4.33041    0.983348   0.0176271
     4.39505    0.982647   0.0209436
     4.45968    0.998393    0.018326
     4.52431    0.986743   0.0243235
     4.58895     0.96431   0.0175296
     4.65358    0.976332   0.0155831
     4.71821    0.977871   0.0117708
     4.78285      0.9705   0.0154039
     4.84748    0.993353    0.018048
     4.91211    0.975667   0.0142797
     4.97674     1.00328   0.0160953
     5.04138     1.03588   0.0153221
     5.10601    0.991937   0.0130348
     5.17064    0.978176   0.0173416
     5.23528     1.02158   0.0169497
     5.29991     1.00362   0.0160605
     5.36454    0.988591   0.0119442
     5.42918    0.987896   0.0184515
     5.49381    0.963071   0.0109951
     5.55844    0.982482   0.0146486
     5.62307    0.988226   0.0115773
     5.68771    0.991163   0.0156615
     5.75234    0.993258   0.0164327
     5.81697     1.01913   0.0124195
     5.88161     1.01533   0.0144947
     5.94624    0.985717   0.0156314
     6.01087    0.992015   0.0148139
     6.07551    0.989418   0.0132887
     6.14014    0.998476   0.0125535
     6.20477      1.0133   0.0130249
      6.2694    0.998445   0.0118569
     6.33404    0.989436   0.0123171
     6.39867    0.993001   0.0117867
