           1     7.44317     7.44317           0
           2     7.63042     7.53679   0.0936228
           3     7.70306     7.59221   0.0774155
           4     7.47089     7.56188   0.0625827
           5     7.60307     7.57012   0.0491713
           6     7.54536     7.56599   0.0403598
           7     7.57281     7.56697   0.0341241
           8     7.52909     7.56223   0.0299292
           9     7.52054      7.5576   0.0267984
          10     7.66085     7.56792   0.0260984
          11     7.49899     7.56166   0.0244246
          12     7.57838     7.56305     0.02234
          13     7.63488     7.56858   0.0212796
          14     7.61992     7.57224   0.0200395
          15     7.52334     7.56898   0.0189385
          16     7.58992     7.57029   0.0177636
          17     7.64811     7.57487   0.0173025
          18     7.58049     7.57518    0.016316
          19     7.54375     7.57353   0.0155218
          20     7.61944     7.57582   0.0149031
