           1     -7.5742     -7.5742           0
           2     -7.5382     -7.5562   0.0179998
           3    -7.52769     -7.5467   0.0140834
           4    -7.56858    -7.55217   0.0113621
           5    -7.54458    -7.55065  0.00893095
           6    -7.55491    -7.55136  0.00732661
           7    -7.55114    -7.55133   0.0061922
           8    -7.55873    -7.55225  0.00544179
           9    -7.55989     -7.5531  0.00487374
          10    -7.53347    -7.55114  0.00478087
          11    -7.56379    -7.55229  0.00447484
          12    -7.54868    -7.55199    0.004096
          13    -7.53814    -7.55092  0.00391548
          14    -7.54225     -7.5503  0.00367754
          15    -7.56047    -7.55098  0.00349002
          16    -7.54709    -7.55074  0.00327364
          17    -7.53683    -7.54992  0.00318205
          18    -7.54919    -7.54988  0.00300033
          19    -7.55514    -7.55016   0.0028515
          20    -7.54182    -7.54974  0.00273712
