           0           0           0
   0.0230664           0           0
   0.0461329           0           0
   0.0691993           0           0
   0.0922657           0           0
    0.115332           0           0
    0.138399           0           0
    0.161465           0           0
    0.184531           0           0
    0.207598           0           0
    0.230664           0           0
    0.253731           0           0
    0.276797           0           0
    0.299864           0           0
     0.32293           0           0
    0.345996           0           0
    0.369063           0           0
    0.392129           0           0
    0.415196           0           0
    0.438262           0           0
    0.461329           0           0
    0.484395           0           0
    0.507461           0           0
    0.530528           0           0
    0.553594           0           0
    0.576661           0           0
    0.599727           0           0
    0.622794           0           0
     0.64586           0           0
    0.668926           0           0
    0.691993           0           0
    0.715059           0           0
    0.738126           0           0
    0.761192           0           0
    0.784259           0           0
    0.807325           0           0
    0.830391           0           0
    0.853458           0           0
    0.876524 8.10046e-05 2.71888e-05
    0.899591  0.00335105  0.00015149
    0.922657   0.0464567 0.000539962
    0.945724    0.292472  0.00235164
     0.96879     1.00275  0.00464028
    0.991856     2.23083  0.00471256
     1.01492     3.62261  0.00581003
     1.03799     4.62589  0.00547426
     1.06106     4.89843  0.00797818
     1.08412      4.4973  0.00854321
     1.10719     3.66497  0.00617104
     1.13026     2.70096  0.00300285
     1.15332     1.81565  0.00310458
     1.17639     1.12853  0.00314962
     1.19945    0.654656  0.00314648
     1.22252    0.349074   0.0023123
     1.24559    0.177262  0.00209122
     1.26865   0.0876462  0.00160594
     1.29172   0.0484243  0.00117608
     1.31479   0.0424875   0.0010787
     1.33785   0.0605089  0.00115035
     1.36092     0.10547  0.00136292
     1.38399    0.184863  0.00177077
     1.40705    0.301616  0.00152543
     1.43012    0.453384  0.00162878
     1.45319    0.628555  0.00131699
     1.47625    0.797877  0.00203531
     1.49932    0.918413  0.00308229
     1.52238    0.973959  0.00372105
     1.54545     0.92838  0.00373996
     1.56852    0.809087  0.00225693
     1.59158     0.63752  0.00122395
     1.61465    0.465644  0.00183725
     1.63772    0.316878  0.00158899
     1.66078    0.219718  0.00182584
     1.68385    0.191947  0.00209293
     1.70692    0.252494  0.00257282
     1.72998    0.431879  0.00281517
     1.75305    0.746863  0.00278679
     1.77612     1.19668  0.00289667
     1.79918      1.7258  0.00179474
     1.82225     2.23851  0.00227734
     1.84531     2.60055  0.00502899
     1.86838     2.71831  0.00657238
     1.89145     2.56306   0.0057946
     1.91451     2.18496  0.00401078
     1.93758     1.68735   0.0025521
     1.96065     1.19918  0.00205744
     1.98371    0.800091  0.00299003
     2.00678    0.539284  0.00311559
     2.02985    0.431442  0.00326447
     2.05291    0.459556  0.00280305
     2.07598    0.584276   0.0019876
     2.09905    0.758181 0.000993306
     2.12211    0.920277  0.00141638
     2.14518     1.01595   0.0021713
     2.16824     1.02512  0.00238524
     2.19131    0.922277  0.00169929
     2.21438    0.779845  0.00101206
     2.23744    0.652533  0.00172441
     2.26051    0.571111  0.00249087
     2.28358    0.572091  0.00331601
