           0           0           0
   0.0230664           0           0
   0.0461329           0           0
   0.0691993           0           0
   0.0922657           0           0
    0.115332           0           0
    0.138399           0           0
    0.161465           0           0
    0.184531           0           0
    0.207598           0           0
    0.230664           0           0
    0.253731           0           0
    0.276797           0           0
    0.299864           0           0
     0.32293           0           0
    0.345996           0           0
    0.369063           0           0
    0.392129           0           0
    0.415196           0           0
    0.438262           0           0
    0.461329           0           0
    0.484395           0           0
    0.507461           0           0
    0.530528           0           0
    0.553594           0           0
    0.576661           0           0
    0.599727           0           0
    0.622794           0           0
     0.64586           0           0
    0.668926           0           0
    0.691993           0           0
    0.715059           0           0
    0.738126           0           0
    0.761192           0           0
    0.784259           0           0
    0.807325           0           0
    0.830391           0           0
    0.853458           0           0
    0.876524           0           0
    0.899591  0.00244857 0.000535927
    0.922657   0.0397953  0.00216533
    0.945724    0.290276  0.00715399
     0.96879     1.02015   0.0130476
    0.991856     2.27868   0.0213219
     1.01492     3.59709   0.0258058
     1.03799     4.60865   0.0271223
     1.06106     4.91729   0.0312083
     1.08412     4.52003   0.0264534
     1.10719     3.67165   0.0228523
     1.13026     2.64104   0.0238835
     1.15332     1.77732   0.0190925
     1.17639     1.14887    0.013024
     1.19945    0.669097   0.0100224
     1.22252    0.354366  0.00918142
     1.24559    0.178421  0.00699011
     1.26865    0.084377  0.00368583
     1.29172   0.0440765  0.00347388
     1.31479   0.0385619  0.00287199
     1.33785   0.0528841  0.00294084
     1.36092   0.0891388  0.00362911
     1.38399    0.178994  0.00457033
     1.40705     0.30846  0.00663987
     1.43012    0.441241  0.00832835
     1.45319    0.634574  0.00595195
     1.47625    0.806721    0.013696
     1.49932    0.935393  0.00993177
     1.52238    0.984437   0.0151701
     1.54545    0.945351   0.0138781
     1.56852    0.817803   0.0144744
     1.59158    0.647456   0.0107816
     1.61465     0.46224  0.00762244
     1.63772    0.313643  0.00675789
     1.66078    0.210684  0.00670801
     1.68385    0.186017  0.00739326
     1.70692     0.24468  0.00647178
     1.72998    0.414553  0.00746745
     1.75305    0.739995  0.00918018
     1.77612     1.19598  0.00991515
     1.79918      1.7155   0.0136569
     1.82225     2.24087   0.0124307
     1.84531     2.63341   0.0141563
     1.86838     2.71311    0.020063
     1.89145     2.57385    0.015842
     1.91451     2.20171   0.0114403
     1.93758     1.68295  0.00687353
     1.96065     1.21047   0.0107948
     1.98371    0.804963  0.00854537
     2.00678    0.531974  0.00819797
     2.02985    0.427213  0.00643141
     2.05291    0.460973  0.00532635
     2.07598    0.590558  0.00595644
     2.09905     0.75457  0.00779234
     2.12211    0.902421  0.00781742
     2.14518    0.993563  0.00756625
     2.16824     1.00885  0.00684253
     2.19131    0.920212  0.00582505
     2.21438    0.785003  0.00821627
     2.23744    0.651548    0.005836
     2.26051    0.561093  0.00722955
     2.28358    0.557777  0.00946796
