           0           0           0
   0.0256496           0           0
   0.0512993           0           0
   0.0769489           0           0
    0.102599           0           0
    0.128248           0           0
    0.153898           0           0
    0.179547           0           0
    0.205197           0           0
    0.230847           0           0
    0.256496           0           0
    0.282146           0           0
    0.307796           0           0
    0.333445           0           0
    0.359095           0           0
    0.384745           0           0
    0.410394           0           0
    0.436044           0           0
    0.461694           0           0
    0.487343           0           0
    0.512993           0           0
    0.538642           0           0
    0.564292           0           0
    0.589942           0           0
    0.615591           0           0
    0.641241           0           0
    0.666891           0           0
     0.69254           0           0
     0.71819           0           0
     0.74384           0           0
    0.769489           0           0
    0.795139           0           0
    0.820788           0           0
    0.846438 0.000291784 0.000291784
    0.872088 0.000825347  0.00043065
    0.897737   0.0328259   0.0026345
    0.923387    0.191637  0.00902809
    0.949037    0.597364   0.0130174
    0.974686     1.25019   0.0223236
     1.00034     1.90464    0.026444
     1.02599     2.34266   0.0362408
     1.05164     2.58143   0.0261476
     1.07728     2.51541   0.0303724
     1.10293     2.37461   0.0313446
     1.12858     2.18707   0.0230321
     1.15423     1.91684   0.0189173
     1.17988     1.71524   0.0251449
     1.20553     1.52835   0.0255869
     1.23118     1.37001   0.0219854
     1.25683     1.22764   0.0222488
     1.28248      1.1159   0.0214258
     1.30813     1.04475   0.0168244
     1.33378    0.940221   0.0194259
     1.35943    0.870316   0.0156602
     1.38508    0.828272   0.0170701
     1.41073    0.768962   0.0135042
     1.43638    0.759491    0.012042
     1.46203    0.726668   0.0122729
     1.48768    0.701623   0.0116027
     1.51333    0.687888   0.0172525
     1.53898    0.687256   0.0100517
     1.56463    0.686128  0.00734871
     1.59028    0.675721   0.0109241
     1.61593    0.687309   0.0112399
     1.64158    0.703526   0.0150876
     1.66723     0.70788   0.0157059
     1.69288    0.740414   0.0144154
     1.71853    0.771465    0.013455
     1.74418    0.823805   0.0076767
     1.76983    0.869037  0.00899026
     1.79547    0.907173   0.0112373
     1.82112    0.945349   0.0128868
     1.84677    0.998304   0.0138705
     1.87242     1.01444    0.013667
     1.89807     1.05767  0.00934303
     1.92372     1.08899   0.0145512
     1.94937     1.14272   0.0120072
     1.97502     1.17412   0.0114083
     2.00067     1.16826  0.00981409
     2.02632     1.20399   0.0102662
     2.05197     1.22458   0.0122282
     2.07762     1.20502   0.0119348
     2.10327     1.19387  0.00923228
     2.12892     1.18926   0.0112475
     2.15457     1.17271  0.00843704
     2.18022     1.13164  0.00873051
     2.20587      1.1216   0.0104086
     2.23152     1.08843  0.00869675
     2.25717     1.05577   0.0079139
     2.28282     1.01811  0.00871462
     2.30847     1.00256  0.00910043
     2.33412    0.975489   0.0101203
     2.35977    0.949357   0.0114614
     2.38542    0.935165  0.00864643
     2.41107       0.941  0.00926512
     2.43672    0.909979  0.00770711
     2.46237    0.894687  0.00844946
     2.48802    0.894146   0.0100656
     2.51366    0.893432   0.0104588
     2.53931      0.9026  0.00964229
